1000
42 822
822 287
287 916
916 170
170 725
725 77
77 500
500 517
517 235
235 28
28 281
281 282
282 828
828 962
962 857
857 996
996 193
193 463
463 362
362 174
174 269
269 483
483 328
328 370
370 820
820 422
422 216
216 301
301 896
896 505
505 305
305 772
772 539
539 870
870 161
161 846
846 470
470 72
72 948
948 583
583 572
572 323
323 272
272 667
667 665
665 142
142 712
712 254
254 783
783 73
73 645
645 130
130 229
229 300
300 49
49 724
724 742
742 926
926 779
779 381
381 185
185 191
191 843
843 136
136 107
107 704
704 800
800 265
265 649
649 396
396 984
984 368
368 827
827 371
371 829
829 479
479 692
692 394
394 549
549 680
680 624
624 951
951 955
955 41
41 953
953 355
355 516
516 117
117 309
309 244
244 440
440 627
627 796
796 538
538 34
34 119
119 97
97 567
567 412
412 834
916 116
834 407
287 126
136 705
269 302
305 978
130 137
282 361
705 885
77 450
301 547
549 651
885 708
962 3
829 961
287 266
300 68
567 85
41 464
136 987
216 291
572 162
800 495
708 609
609 204
822 656
978 189
463 727
272 687
116 76
244 858
609 968
517 6
361 87
712 431
412 307
300 192
142 359
517 223
505 71
916 710
708 831
680 384
41 342
450 662
495 793
517 759
342 881
281 589
662 423
185 947
119 159
759 121
77 75
996 892
77 249
547 236
926 763
692 79
705 411
368 123
680 625
170 95
412 721
117 484
896 596
896 812
3 989
955 653
301 237
834 569
583 375
328 172
281 690
955 604
300 238
41 400
926 669
589 242
662 13
589 331
249 65
962 1000
549 135
301 805
266 864
987 196
609 178
119 38
309 243
996 246
119 671
242 202
159 808
583 499
800 654
538 618
843 814
254 515
618 980
191 617
116 503
712 452
1000 601
596 74
727 520
407 557
692 799
305 304
362 225
667 963
727 767
596 884
812 990
500 60
384 306
381 486
359 324
328 344
371 382
667 188
926 429
193 599
704 346
72 310
6 804
282 476
829 581
243 128
431 859
503 181
281 728
170 144
237 99
371 439
191 473
808 623
65 96
814 25
625 720
1000 485
772 729
249 658
662 959
953 277
38 816
671 736
618 901
193 184
411 936
79 635
799 273
291 303
517 329
121 285
767 880
858 813
323 444
273 593
38 502
951 498
759 874
196 340
473 133
375 999
128 43
34 652
300 176
229 203
926 20
583 562
828 893
384 390
857 351
130 713
243 205
331 511
654 501
486 615
282 862
800 689
444 899
820 790
829 647
117 445
500 430
344 709
687 795
72 63
49 932
483 427
445 228
116 54
430 833
71 988
485 641
829 398
804 722
589 2
690 194
999 330
834 333
42 879
589 426
870 556
916 435
484 550
705 442
596 850
330 910
342 317
951 29
216 922
381 664
344 474
736 337
123 408
174 792
161 59
547 308
516 5
932 867
581 270
265 534
511 217
344 132
304 264
793 335
843 931
440 152
426 402
474 456
999 985
126 391
662 404
427 261
398 561
238 787
984 417
371 143
538 125
335 19
28 183
712 36
792 809
505 295
142 777
645 341
264 83
60 552
121 559
264 256
450 563
96 482
99 632
833 321
161 560
729 663
617 1
596 260
346 253
96 392
3 731
382 674
273 525
552 198
34 92
191 860
656 898
963 298
705 457
65 393
623 650
968 157
955 64
273 475
899 903
306 603
846 14
261 957
479 906
653 245
28 21
254 388
720 626
712 478
800 415
501 338
476 825
898 271
426 875
355 920
552 127
225 101
444 447
963 488
948 327
188 614
396 200
189 774
121 558
202 907
344 179
720 839
827 545
107 640
282 481
485 610
116 781
60 928
439 32
125 528
281 629
515 544
440 113
3 472
361 973
269 39
864 735
235 279
816 433
178 734
324 769
813 124
999 129
277 835
520 262
302 616
196 838
407 230
647 187
198 789
382 536
728 386
920 975
253 283
124 292
133 592
337 320
185 48
390 761
129 897
483 103
305 290
223 551
796 458
300 695
516 696
860 163
502 437
382 768
225 872
310 31
481 52
556 369
159 278
812 587
835 679
335 22
980 541
616 490
870 634
262 782
444 513
709 507
359 801
188 685
310 312
951 927
884 706
43 294
5 762
779 286
22 218
728 619
603 334
294 535
386 80
618 387
498 883
309 967
634 855
72 158
386 952
309 554
967 155
870 410
632 160
635 206
640 594
312 521
160 23
362 934
260 637
463 175
581 553
517 455
386 707
615 526
439 882
562 35
229 385
176 441
382 919
812 414
959 146
31 33
202 106
499 51
157 448
334 602
846 791
253 416
706 575
999 214
882 941
625 461
825 53
481 749
309 432
6 714
344 26
38 579
957 660
415 139
71 352
470 747
474 530
71 395
828 693
892 90
265 150
6 166
603 620
193 45
34 141
779 888
432 802
620 732
342 314
538 374
387 299
321 677
188 986
442 743
394 745
906 105
484 487
303 823
498 114
679 438
603 824
331 453
286 208
28 815
331 682
341 533
875 148
899 88
791 672
550 900
185 280
135 451
294 443
490 263
188 240
827 925
922 718
855 697
481 765
162 168
338 491
442 8
176 797
563 378
60 115
599 296
387 131
79 856
823 220
831 494
19 585
927 44
342 570
762 418
816 364
174 293
713 785
724 908
236 608
282 134
99 912
955 636
192 18
797 849
121 676
910 186
456 622
857 428
158 771
637 110
704 58
656 111
217 711
3 140
759 165
386 871
381 82
439 935
554 648
461 252
947 540
432 519
245 61
785 336
986 325
654 584
696 638
187 496
973 798
25 543
570 349
485 11
625 582
184 861
127 86
610 684
172 108
926 992
953 580
632 631
283 600
155 380
870 460
959 878
329 726
864 863
108 753
785 37
783 221
674 109
262 67
978 565
601 259
463 446
476 819
359 250
828 497
455 462
82 268
922 46
79 518
986 40
308 643
183 81
782 686
483 945
645 754
632 964
881 991
731 197
101 267
892 522
448 211
867 741
677 365
349 876
660 702
26 760
906 701
846 826
136 4
396 420
731 905
337 207
559 661
745 555
113 373
20 89
767 311
473 612
92 477
82 694
458 377
692 921
521 318
791 913
359 199
453 508
476 740
330 102
692 703
386 17
25 409
265 993
814 274
423 691
13 923
973 670
695 940
19 100
237 717
163 757
708 425
829 840
35 715
414 971
629 586
439 848
729 954
940 675
475 744
143 389
964 326
863 467
364 471
874 837
781 929
572 319
216 7
306 994
757 514
888 436
483 397
238 275
168 818
486 590
65 751
640 611
304 976
324 851
928 531
743 506
528 930
214 889
682 847
87 943
789 972
789 865
555 57
804 510
631 852
22 607
547 746
216 367
749 770
170 213
544 810
416 406
984 424
328 91
389 866
735 546
264 894
627 542
211 688
423 591
948 284
424 950
329 942
13 322
61 466
992 766
953 47
470 190
555 232
885 659
762 573
782 226
831 755
291 970
266 492
110 576
307 247
936 251
742 145
97 122
499 979
110 227
11 628
184 918
481 869
485 239
51 315
202 939
47 678
766 469
389 966
920 698
561 974
132 248
318 210
839 16
248 94
193 844
710 289
973 93
941 78
703 595
906 891
623 621
124 62
252 459
190 343
375 241
225 854
322 642
789 449
416 234
572 924
943 360
943 842
6 902
693 167
497 958
797 350
225 353
237 509
987 383
398 946
565 468
373 681
467 738
628 737
781 215
753 965
875 786
965 156
843 666
993 633
77 909
321 949
725 646
920 493
272 588
127 257
455 255
117 807
97 339
820 69
38 56
207 177
638 219
52 401
352 668
418 655
317 288
589 752
792 995
13 363
883 297
768 937
954 70
460 566
116 821
360 773
829 151
876 890
364 887
631 836
133 153
116 780
251 173
650 794
821 568
561 983
412 750
959 138
602 853
640 154
891 577
816 212
557 748
580 231
299 104
193 733
382 868
337 911
270 613
309 222
842 356
45 997
851 454
4 480
92 982
687 413
627 630
310 817
252 209
491 548
667 169
35 564
470 673
497 904
47 776
615 376
396 12
293 233
860 683
331 313
92 347
548 332
667 832
631 778
748 524
854 764
197 811
143 357
919 149
843 877
857 434
214 873
865 723
618 739
179 421
824 348
563 10
624 24
343 699
769 358
430 644
255 112
816 366
736 527
474 598
466 55
426 803
297 180
186 465
165 756
232 15
6 960
417 9
660 606
927 700
531 938
10 399
28 529
127 405
834 915
966 571
807 574
303 147
936 27
932 956
548 489
957 895
983 845
649 758
220 98
418 523
518 841
967 316
281 578
834 719
233 969
903 917
738 201
733 657
720 830
562 998
594 605
795 171
971 730
942 276
957 66
390 532
321 788
70 597
373 537
249 345
180 50
945 84
161 354
280 716
718 886
586 419
13 944
718 258
852 806
269 775
816 914
358 981
920 182
610 784
770 372
896 933
681 379
255 403
279 30
392 195
821 639
243 504
216 120
335 977
751 118
665 164
736 224
87 512
1000
792 662
682 653
754 34
30 988
43 254
84 421
815 719
245 64
230 653
865 770
471 6
48 595
488 327
277 324
541 680
991 589
711 272
946 222
471 184
590 956
979 780
7 263
136 488
197 34
89 936
780 994
791 963
966 2
106 808
568 670
135 672
458 999
546 598
219 839
845 373
564 29
265 802
724 491
605 602
228 198
693 772
364 302
364 722
566 422
446 611
496 742
23 813
152 16
56 394
739 280
883 609
655 823
708 246
339 145
291 340
155 605
624 226
79 725
982 331
734 224
595 131
847 988
446 806
617 751
490 339
964 136
698 210
631 225
909 738
475 921
373 294
856 735
562 57
607 185
76 383
120 742
433 685
780 280
284 668
837 126
119 738
29 120
578 738
92 557
796 61
902 794
433 137
581 876
908 185
75 720
791 477
42 352
330 291
975 73
592 190
788 491
240 894
54 64
682 904
6 177
480 696
140 469
999 84
640 516
622 994
827 723
839 829
582 400
979 892
24 944
835 244
350 703
708 503
142 688
347 892
638 414
401 817
691 163
936 127
411 878
383 261
190 706
875 664
723 196
567 361
39 589
812 246
468 426
868 190
543 64
548 503
618 100
24 227
204 49
52 571
637 459
968 457
406 532
963 820
976 557
532 496
45 592
804 389
916 451
320 273
792 384
134 776
643 570
301 955
79 586
258 334
894 491
104 751
234 723
272 612
991 339
642 259
48 353
659 480
303 684
991 3
569 423
896 136
9 362
743 195
700 189
179 43
358 942
848 470
346 381
914 965
711 62
386 74
505 463
704 103
70 155
530 553
75 150
731 245
845 50
119 66
364 553
774 471
732 748
512 870
399 499
104 353
680 54
44 523
89 564
835 851
23 241
912 493
652 581
478 617
877 179
221 616
349 799
180 636
858 884
663 903
263 421
771 23
274 842
687 889
918 718
893 699
268 750
66 390
933 620
82 4
131 29
632 590
153 631
173 865
408 296
429 682
491 611
178 72
237 460
644 841
634 38
894 631
275 994
783 204
462 291
663 308
998 152
424 891
718 641
704 567
884 662
660 246
387 652
766 602
841 210
498 284
251 59
422 176
582 788
272 288
1000 505
980 139
701 531
462 119
206 541
829 460
623 399
761 99
936 482
615 568
494 597
162 747
539 671
539 477
556 918
372 761
753 759
434 256
66 727
402 35
760 394
549 274
793 194
934 138
104 691
212 695
669 628
499 990
249 880
648 150
932 670
876 599
450 437
600 124
444 732
155 862
435 386
968 817
394 705
867 954
309 224
685 793
668 49
470 931
812 815
91 428
744 605
600 475
196 507
159 590
859 810
890 448
41 819
365 976
27 90
504 67
413 841
571 677
396 642
987 652
110 188
84 86
391 251
687 756
382 129
503 278
863 425
566 873
833 886
429 647
890 479
884 926
266 261
46 779
822 856
521 928
774 135
252 676
337 335
2 738
311 975
591 357
72 81
936 146
283 826
719 574
713 38
999 906
163 718
693 540
48 947
104 232
116 840
859 830
646 395
200 646
273 676
863 73
774 481
239 898
543 609
204 278
126 135
402 79
383 170
737 479
940 139
722 427
664 678
576 725
982 701
962 863
3 449
96 685
17 138
508 994
285 945
260 822
59 644
669 678
120 858
42 892
265 624
916 73
930 842
716 616
537 958
760 701
453 94
242 830
449 228
799 225
325 275
134 886
39 171
863 630
85 910
879 924
86 401
25 194
106 413
766 768
408 678
785 705
791 835
892 622
86 735
191 543
999 87
19 622
425 598
377 255
670 109
928 494
69 367
103 439
601 820
319 291
985 340
557 809
633 479
815 788
240 75
21 828
555 989
442 799
643 3
322 105
947 57
510 834
709 762
534 687
805 386
143 843
261 162
621 344
579 188
114 64
592 935
416 657
762 13
412 960
252 739
371 125
508 8
585 952
102 490
959 442
791 14
413 856
61 94
473 403
677 544
374 267
652 276
529 533
762 470
504 730
108 893
452 954
393 571
520 473
408 495
506 441
384 263
410 608
39 361
472 172
655 948
515 524
230 490
767 888
757 633
471 740
667 523
284 161
554 706
92 260
387 688
630 43
318 46
357 389
453 155
467 834
761 920
632 739
268 777
99 315
321 54
8 470
217 723
843 8
464 261
948 794
631 718
44 377
315 627
118 335
621 172
793 965
155 867
694 665
776 1
213 101
552 477
380 944
878 790
362 386
273 435
145 562
564 505
947 889
309 158
431 124
465 75
347 838
982 319
612 293
592 833
124 462
992 462
331 499
370 292
401 180
118 318
915 596
442 937
868 29
454 910
974 982
504 570
817 884
368 386
403 231
158 682
568 311
867 688
172 478
246 765
239 672
48 116
593 312
658 406
54 172
581 741
531 676
321 791
378 999
587 605
490 632
745 389
611 719
920 260
928 610
120 480
717 301
397 854
459 831
594 807
850 855
273 161
295 55
334 147
230 472
429 560
242 422
689 367
34 686
271 330
262 861
209 983
163 507
879 980
898 888
539 470
784 541
796 267
634 510
558 318
135 54
136 259
594 844
694 467
952 141
95 938
175 513
98 552
696 818
493 293
238 531
614 297
711 390
629 810
787 745
841 183
570 121
394 293
963 215
528 808
195 706
714 12
914 694
665 204
996 763
382 947
910 49
769 625
512 955
236 128
634 241
863 128
578 818
341 143
101 401
559 477
155 936
431 832
296 538
624 923
928 30
212 755
881 254
294 322
786 529
444 1
556 672
271 453
376 632
641 935
41 987
835 249
540 766
797 313
263 53
732 988
465 558
249 557
171 451
183 302
294 100
333 45
332 76
5 51
27 67
739 802
624 844
442 381
696 919
660 364
629 330
89 855
614 980
570 667
680 578
838 403
116 293
724 873
449 324
154 949
396 198
509 909
412 994
666 782
203 611
829 257
706 966
24 770
716 254
806 685
479 146
841 834
286 901
969 995
634 886
349 282
33 257
911 873
983 902
307 636
861 472
528 138
344 769
234 996
172 604
943 12
880 35
513 594
531 162
235 259
927 907
192 444
189 228
720 485
225 94
436 225
95 583
868 628
6 147
687 590
541 238
851 760
579 957
678 404
43 301
812 226
144 596
17 616
805 7
369 642
336 699
326 314
24 313
619 458
397 340
87 95
847 44
523 912
281 456
359 848
871 991
874 328
414 455
897 473
451 242
642 647
526 214
825 930
696 404
595 994
68 188
641 80
42 126
535 861
1 908
622 693
294 118
718 404
944 894
640 12
926 29
979 749
851 893
445 655
624 354
37 548
347 827
62 905
239 572
887 406
300 57
729 268
752 20
992 167
718 847
94 188
422 913
868 300
445 898
202 329
943 105
769 642
297 263
721 245
919 626
220 585
175 985
460 150
15 696
504 33
852 538
815 364
652 220
291 918
684 919
585 253
587 270
249 138
398 425
169 28
149 994
383 272
670 894
878 15
105 485
944 496
812 294
893 799
991 300
891 494
75 550
775 315
174 70
219 866
834 239
912 253
464 509
150 89
246 232
921 107
272 369
422 259
158 648
983 239
123 724
907 707
190 157
346 352
924 119
551 98
837 592
407 511
814 652
881 845
744 742
246 579
950 706
515 786
228 625
205 357
918 228
556 103
287 469
699 980
412 490
759 491
776 411
133 90
297 951
113 123
530 673
837 278
554 977
671 86
653 752
398 752
2 436
694 73
917 717
329 512
126 839
297 940
545 57
827 903
759 589
22 587
109 778
629 980
948 550
281 246
129 63
427 720
678 92
48 786
232 407
685 955
770 710
957 422
946 466
17 861
498 336
191 678
50 6
887 389
676 144
378 131
488 556
483 254
1 755
290 489
216 9
311 941
800 998
708 455
305 238
486 500
793 614
613 683
984 352
130 138
34 601
865 684
858 969
711 969
709 642
733 438
685 500
702 870
584 257
693 641
88 13
811 821
836 664
616 898
678 775
135 554
534 879
287 625
735 76
350 713
985 625
793 505
823 56
914 463
474 85
161 123
54 398
823 751
338 918
7 932
198 506
237 358
600 291
899 986
448 85
593 726
997 856
829 339
343 429
796 743
38 507
768 54
794 506
147 610
925 855
466 240
207 210
493 500
176 37
62 648
619 14
728 713
897 910
842 131
91 35
916 287
524 667
345 737
38 417
894 950
972 845
778 286
201 591
286 326
119 669
7 730
9 542
226 537
981 717
471 385
748 329
937 205
701 524
365 412
41 251
505 484
767 142
671 846
507 89
257 108
267 858
679 200
675 156
192 991
833 859
997 918
291 968
708 235
247 463
403 240
427 96
907 315
351 587
280 777
823 880
302 813
677 165
358 571
39 313
145 562
181 201
644 857
62 648
940 809
291 453
980 619
420 8
285 548
978 676
614 710
372 643
340 337
622 502
35 130
359 437
470 898
505 799
203 106
239 33
66 517
482 580
24 728
772 314
383 141
817 489
320 590
514 260
852 272
284 365
39 13
185 760
502 575
734 60
715 650
596 523
542 417
378 53
566 892
139 311
968 56
