1 2 3 4 6 5 7 9 10 8
1 2 3 4 5 6
1 2 3 4 5 7 8 6 9
1 2 3 5 4 6 8 7 9 10 11 12 14 13 15
1 2 4 3 7 5 6
1 2 3 4 6 5 7 9 8
1 2 4 3 5 7 6 9 8 11 10 12 13
1 2 3 4 5 7 6 8 9 10 11 13 14 12
-1
1 2 3 4 5
1 2 3 4
1 2 6 4 5 3
1 2 3 4 6 5 7 8 9 10 11 12 13 14 15
-1
1 2 3 4 5 6 8 7 9 10 11 12 13 14
1 2 4 3 5
1 2 3
1 2 3 5 4 7 6 8
-1
1 2 4 3 5 8 6 7 9 10 11 12 13 14
1 2 3 4 5 7 6
1 2 4 3 5 8 6 9 7 10 11 12 13 14
1 2 3 4 5 6 7 8 9 10
-1
1 2 3 4 5 6
1 2 3 4 5 6 7 8 9 10 11 12 14 13
1 2 3 4 5 6 10 7 8 11 9 12 13 15 14
1 2 3 5 4 6 7 8 9 12 10 11 14 15 13
1 2 3 4 6 5
1 2 3 4 5 6 7 10 8 9
1 2 3 5 6 4
1 2 3
1 2 3 4 5 6 7 10 8 9 12 11 13
1 2 3 4 5 6 7 8 10 11 9 12
1 2 3 4 5 6
1 2 3 6 4 7 8 5
1 2 3 4 8 5 6 9 7 11 10
1 2 3 6 4 5 8 7 9 10 11 12 13 14
1 2 3 4 5 6 8 9 7
1 2 3 4 7 5 8 10 6 11 9
1 2 3 4 5 6 7 8 9 11 10 13 14 12 15
1 2 3 4 8 5 6 9 7 10 11
1 2 4 3 5 8 6 7 10 9 11 13 12
1 2 4 3 5 8 6 7
-1
1 2 4 3 5 6 7 8
-1
1 2 3 6 5 4 7
1 2 3 4 5 6 7 10 8 9 12 11 13
1 2 4 3 5
-1
1 2 3 6 4 5 7 8 9 10 11 12 13
1 2 3 4 5 6 7 8 9 11 10
1 2 3 4 5
1 2 4 3 6 5 7 8 10 9 11 12 13 14 15
1 2 4 3 6 5 7 8 10 9
-1
-1
1 2 3 4 5 6 7 8 9 10
1 2 3 4 5 6
1 2 3 4
1 2 3 4 5 6 7 8 9 10 11 13 12
1 2 3 5 6 4 8 9 7 10
1 2 3 4 5 6 8 7 9
1 2 3
1 2 3 5 6 4
1 2 3 4 5 6 7 8 9 11 10 12 13 14 15
1 2 3 8 4 5 9 6 7 11 10 12 14 13 15
1 2 4 3 5 7 6 8 9
1 2 3 4
-1
1 2 3 4 5 6 7 8 9
-1
1 2 3 5 4 6 8 7
-1
1 2 4 3 5 6 7 8 9
1 2 3 4 7 5 6 8 10 9 11
-1
1 2 3 5 6 4 7
1 2 3 4 5
1 2 6 3 4 7 5 9 8
1 2 3 4 5 6 7 8 9 10
1 2 4 3 5 6 7 8 9 11 10
1 2 4 3 5 6 7 10 8 9 12 11
1 2 3 4 5 6 7 8 9 11 10 12
1 2 4 3 5 6 7 8 10 9 12 11
1 2 4 3 5 6 7 8 9 10 12 11 13 14 15
1 2 3 4 5 6 7 8
1 2 3 4 6 5 7 9 10 8
1 2 6 3 4 7 5 8 9 10 11 12 13
-1
1 2 3 4 5 6 7 8 10 9 11 12 15 13 14
1 2 4 3 5 6 7 10 8 11 12 9
-1
1 2 3 4 5 6 7 9 10 11 8 12
1 2 3 4 6 5 7 10 8 9 12 11
1 2 3 4 5 6 7 8 9 10 11 12 13
1 2 3
1 2 3 4 5 6 7 12 8 9 13 10 11 15 14
1 2 4 3 5 6 7 8 9 10 11 12 14 13
-1
-1
1 2 3 5 6 4
1 2 3 4 6 5 7 8 9
1 2 3 6 4 5 7
1 2 3 4 5 6 7 8 9 10 11 12 14 13
1 2 3 4 5 6 8 7 9 10
1 2 4 5 3 6
1 2 3 5 4 6 8 7 10 9 11 12
1 2 3 4 5 6 7 8 9 12 11 10 14 13
1 2 5 3 4 7 6 8 10 9 11 12 13 14 15 16 18 17 19 20 21 22 23 25 24 26 27 28
1 2 3 4 5 6 7 8 10 9 11 12 13 14 15 16 19 17 18 20 21 22 24 23 25 26 27 28 29 30 31
1 2 3 4 5 6 7 8 9 11 10 12 13 14 16 15 17 18 19 20 21 22 23 24 26 25 27 28 29 30 31 32 33 34 35 36 37 38 39 40 42 41 43
1 2 3 4 5 6 8 7 9 10 11 13 12 14 15 16 17 18 20 19 21 22 23 24 25 26 27 28 29 30 31 32 33 34 35 36 37 38
1 2 3 4 5 6 7 9 8 10 12 11 13 14 15 16 17 18 19 20 21 23 22 24 25 26 27 28 29 30 31 32 33
1 2 5 3 4 7 6 8 9 10 11 12 13 14 15 16 17 18 21 19 20 22 23 24 25 26 29 27 28 30 31
1 2 3 4 5 6 7 8 9 10 11 12 14 13 15 16 17 18 19 20 21 25 22 23 26 24 27 28 30 29 32 34 31 35 36 33 37
1 2 3 4 5 6 7 8 9 10 11 12 13 14 15 16 17 18 19 20 21 22 23 24 25 27 26 28 30 29 31 32 33 34 35 36
1 2 3 4 5 6 7 8 10 9 11 12 13 17 14 15 18 16 19 20 21 24 22 23 25 26 28 27 29 30
1 2 4 3 5 6 7 8 9 10 11 12 13 14 15 16 17 18 19 20 24 21 22 26 23 25 27 28 30 29 31 32
1 2 4 3 5 6 7 8 10 9 11 12 14 13 15 19 16 17 21 18 20 24 22 23 25 26
1 2 3 4 5 6 7 8 9 11 10 13 14 12 15 17 16
1 2 3 4 6 5 7 8 9 10 12 11 13 14 15 16 17 18 19 20 21 22 23 24 25 26 28 27 29 30 31 32 33 34 35 36 39 40 37 41 42 38
1 2 3 4 6 5 7 8 9 10 11 12 13 14 15 16 17 18 19 20 22 21 23 24 25 27 26 28 29 30 31 32 33 34 35 36 37 38 39 41 40 42
1 2 3 4 5 6 7 8 9 10 11 12 13 14 16 15 17 18 20 19 21 22 24 25 23 26 28 27 29 30 31 32 33
1 2 4 3 5 7 6 8 9 10 11 13 12 14 15
1 2 3 4 7 5 6 9 8 10 11 12 13
1 2 5 3 4 9 6 7 10 8 11 12 13 14 15 17 16 18 19 20
1 2 3 4 6 5 8 7 11 9 12 13 10 14
1 2 3 4 9 5 6 10 7 8 13 11 12 14 16 15 17 18 19 20 21 22 23 24 25 26 27 28 29 30 31 32 33 34 35 36 37 38 39 40 41
1 2 3 4 5 6 7 9 8 10 11 12 13 14 16 15 17 18
1 2 3 4 7 5 6 8 9 10 11 12 13 14 15 16 17 18 19 20 21 22 24 23 25 26 27 28 29 30 31 32 33 34 35 36 37 38 39
1 2 3 4 5 6 7 8 9 10 11 12 13 16 14 15 17
1 2 4 3 5 6 7 8 9 11 12 10 13
1 2 4 3 5 6 7 9 8 10 11 12 13 14 15 17 16 18 19 20 21 22 23 24 25 26 27 28 29 30 31 32 33 36 34 37 38 35 39 40
1 2 5 3 4 6 7 8 9 11 10 12 14 13 15 16 17
1 2 3 4 5 6 8 7 9 10 11 12 13 14 15 16 17 18 19 20 21 22 23 24 25 26 27 28 29 30 31 32 36 33 34 37 35 38 39 40 41 42 43 45 44
1 2 3 4 5 6 7 8 10 9 11
1 2 3 4 5 6 7 9 8 10 12 11 13
1 2 3 4 5 7 6 8 9 10 12 11 13 14 19 15 16 20 17 18 21 22 23 24 25
1 2 3 4 5 6 7 8 12 9 10 13 11 14 15 17 16 18 19 20 21 22