145
10 8
3 6 3 7
5 8 4 1 3 5
4 8 9 7 2
3 10 9 1
3 3 2 10
3 5 6 10
3 10 4 7
3 6 2 4
6 2
3 2 1 4
3 5 6 3
9 5
4 6 5 7 1
4 2 8 3 5
3 1 3 4
4 8 4 9 7
3 2 9 6
15 13
3 13 3 12
3 6 9 15
3 8 9 3
7 7 1 12 15 8 5 14
3 5 11 13
3 8 6 13
7 3 11 10 2 4 7 6
3 4 12 9
3 9 1 11
3 10 1 13
3 4 15 13
3 10 9 5
4 14 13 2 9
7 7
3 5 4 3
3 1 3 2
3 2 4 7
3 6 7 3
3 7 5 1
3 4 1 6
3 6 2 5
9 7
3 7 2 4
4 7 1 3 8
3 2 1 9
4 5 2 8 6
4 5 9 3 4
3 4 1 6
3 7 9 6
13 9
3 10 1 5
5 8 4 12 2 10
3 11 10 7
3 4 5 7
4 7 3 1 2
3 6 8 7
3 1 11 4
3 1 9 8
7 9 12 11 3 6 13 5
14 15
3 8 5 14
6 10 3 11 6 8 1
3 13 5 10
6 14 1 7 2 9 13
3 3 4 7
3 2 3 5
4 5 4 9 6
3 7 5 11
4 4 12 8 2
3 4 11 13
3 12 9 10
3 12 13 6
3 5 1 12
3 12 3 14
3 14 10 4
13 2
10 8 6 3 12 5 1 9 2 4 7
4 11 6 13 10
5 0
4 0
6 4
3 2 1 5
3 4 6 1
3 3 5 6
3 3 2 4
15 9
3 6 4 14
4 8 14 2 5
9 6 1 15 3 12 10 13 7 9
3 3 5 4
3 12 14 11
3 11 7 2
3 2 10 4
4 11 8 4 1
3 13 11 5
9 2
7 9 4 8 3 5 7 2
3 1 4 6
14 11
3 14 10 7
3 5 7 6
3 14 9 1
6 11 4 5 14 8 2
3 11 13 1
3 1 5 10
3 9 2 7
3 12 1 2
4 3 1 4 7
7 8 3 9 6 10 13 12
3 12 7 11
5 1
3 1 3 2
3 0
8 2
5 7 4 8 3 2
4 5 4 6 1
4 1
3 4 1 3
14 2
9 10 3 13 2 1 5 6 7 11
6 14 9 3 4 8 12
7 5
3 1 3 4
3 7 1 2
3 6 7 3
3 4 2 5
3 5 6 1
14 11
3 4 2 12
3 10 8 1
3 11 5 12
7 3 7 1 6 2 5 13
3 3 9 12
3 7 11 8
3 8 9 5
3 10 7 12
3 8 3 4
6 13 14 11 10 9 4
4 12 6 14 8
10 2
4 6 10 7 4
3 9 2 8
3 1
3 1 3 2
6 1
3 6 2 3
14 12
3 7 8 11
3 3 4 7
3 4 10 2
3 6 13 14
5 2 9 1 7 14
3 3 13 2
5 9 12 4 11 13
7 12 10 5 1 6 3 8
3 4 5 14
3 7 10 13
3 5 11 2
3 11 14 10
15 12
5 10 1 14 6 4
3 8 14 15
3 4 15 5
8 5 7 9 3 8 2 13 6
5 1 2 11 15 12
3 14 7 11
3 10 5 12
3 11 3 4
3 9 12 14
3 12 13 4
3 10 11 8
3 7 15 10
15 9
3 4 15 5
3 6 15 12
4 9 14 7 15
3 15 2 1
3 10 1 7
3 11 12 7
3 2 7 5
9 3 9 8 6 10 13 4 11 2
5 12 5 14 8 1
6 4
3 2 4 5
3 4 1 3
3 2 1 6
3 3 6 5
10 2
5 8 3 6 9 7
3 2 10 4
6 4
3 6 3 1
3 2 6 4
3 3 4 5
3 2 1 5
3 0
13 2
6 12 10 3 13 1 5
8 6 4 13 2 8 11 7 9
12 12
5 10 4 7 11 12
3 6 9 7
5 3 10 9 1 8
3 7 5 1
3 11 9 5
3 8 5 4
5 5 2 6 12 3
3 2 1 11
3 6 1 4
3 7 2 8
3 9 4 2
3 11 6 8
6 1
3 3 6 5
8 2
4 5 8 4 3
5 2 7 8 1 6
11 2
6 8 5 1 2 11 9
6 3 10 7 6 4 5
14 12
3 11 2 12
3 14 9 13
3 4 13 12
3 8 4 6
5 10 1 12 9 8
3 6 12 5
7 7 5 2 3 4 14 10
3 7 11 8
3 5 9 11
3 13 8 2
3 9 6 2
5 13 3 1 11 6
9 3
3 9 4 3
3 6 3 5
4 9 1 2 8
11 2
6 8 5 4 3 9 6
6 7 10 1 2 11 8
15 14
3 6 7 10
3 2 14 12
3 9 15 2
6 15 11 1 13 7 14
3 6 15 4
3 15 10 3
3 2 11 10
3 11 9 6
3 8 3 14
5 2 5 3 6 13
3 9 3 7
7 9 4 12 1 8 10 5
3 2 7 4
3 12 3 11
11 2
7 1 3 11 4 7 6 5
5 3 9 10 2 8
13 2
8 5 2 9 1 7 6 13 3
6 11 8 3 10 12 4
8 5
4 6 7 5 3
3 7 1 8
3 3 1 2
4 8 2 6 4
3 5 1 4
6 1
5 4 2 1 5 3
8 5
4 4 6 8 5
3 1 7 4
3 3 8 7
4 6 3 1 2
3 5 2 7
3 1
3 2 3 1
7 4
4 3 7 5 1
3 4 2 3
3 4 6 7
3 6 2 5
13 6
5 2 7 1 5 12
8 11 8 9 6 13 4 7 3
3 5 10 13
3 10 11 1
3 10 9 2
3 12 8 10
5 2
3 3 5 2
3 5 4 1
3 1
3 2 3 1
13 9
5 6 1 9 11 7
4 8 1 12 4
3 7 8 3
3 9 5 8
3 7 12 13
3 12 10 6
7 10 2 11 13 3 5 4
3 13 6 8
3 3 12 9
11 8
5 8 1 10 9 4
3 8 3 2
3 6 8 5
3 3 6 9
3 3 1 7
4 5 3 11 10
5 7 11 4 6 2
3 5 9 2
5 1
3 3 4 1
15 11
4 6 13 15 5
6 10 4 14 8 15 11
3 4 12 13
3 10 9 5
3 5 3 4
3 13 1 10
3 9 13 11
8 12 3 8 1 6 2 9 7
3 11 5 1
3 12 5 14
3 13 2 14
10 5
3 4 8 1
6 3 10 6 7 2 1
3 7 8 9
3 2 8 5
4 4 3 9 5
13 2
5 13 1 7 11 6
9 3 5 12 4 10 9 2 11 8
4 1
3 3 2 4
10 2
3 4 9 10
3 8 7 2
6 2
4 5 1 4 2
3 5 6 3
4 0
13 12
5 10 3 12 7 9
3 9 13 4
5 10 1 2 6 13
3 1 4 7
3 1 9 11
3 1 8 3
3 8 13 7
6 11 5 4 8 12 2
3 5 13 3
3 6 11 7
3 6 4 3
3 9 5 6
10 5
4 5 2 9 7
3 4 1 5
3 3 2 4
3 4 8 7
6 3 9 6 10 1 8
9 2
5 6 1 9 8 4
3 4 3 7
3 0
6 4
3 4 3 5
3 3 6 1
3 5 1 2
3 4 2 6
15 11
3 12 14 11
3 12 8 3
3 11 10 4
3 1 14 13
5 11 3 13 5 7
3 1 9 11
4 4 13 9 12
8 14 10 8 5 6 9 15 2
3 14 4 7
4 3 4 1 15
4 1 7 12 10
15 2
9 6 4 2 12 10 13 7 3 5
7 8 5 11 1 14 9 15
9 3
3 4 5 9
3 3 1 2
3 7 8 9
4 0
4 1
3 4 2 3
9 5
3 9 3 8
3 4 7 9
4 1 3 6 4
5 2 1 8 7 5
3 9 6 5
4 1
4 3 4 1 2
8 5
3 7 2 8
3 2 5 6
3 4 3 2
4 8 1 5 3
4 4 7 6 1
5 1
4 2 3 4 5
9 7
4 3 2 1 5
3 7 4 6
3 8 7 1
4 9 6 3 8
3 8 2 4
3 9 7 5
3 1 4 9
11 2
6 9 2 7 6 8 11
6 10 3 1 5 4 6
4 1
4 4 3 2 1
7 2
3 3 2 4
4 6 5 7 1
5 1
3 5 4 2
9 1
6 5 9 3 4 1 2
10 1
4 6 2 7 9
11 7
3 10 9 1
3 9 2 4
4 10 4 8 5
6 3 5 7 11 2 1
3 4 6 7
3 6 11 10
4 6 3 9 8
12 7
3 5 9 6
4 4 7 9 12
3 11 1 9
7 3 10 8 5 12 1 2
4 11 6 8 7
3 3 6 4
3 4 11 5
12 9
5 4 7 9 11 5
3 3 12 4
3 3 8 7
3 2 1 7
3 1 4 10
3 8 11 1
4 5 3 6 1
3 10 11 3
6 10 2 12 9 6 8
12 2
7 9 1 6 7 12 2 3
6 5 8 11 4 12 10
15 15
3 13 14 5
3 13 9 3
3 15 3 8
3 14 1 12
3 6 7 13
5 13 12 4 8 2
7 11 6 4 9 14 15 10
3 8 7 14
3 3 10 12
3 9 7 12
6 5 3 7 2 11 1
3 15 13 1
3 9 8 1
3 8 6 5
3 12 5 15
8 3
3 5 6 3
3 1 8 3
3 4 2 7
10 6
3 1 6 3
3 5 1 2
3 9 10 1
3 1 4 8
5 2 7 9 8 6
5 10 4 5 3 7
13 11
3 10 9 2
3 12 11 5
3 4 9 11
6 11 13 6 10 8 7
4 1 9 12 7
3 5 13 9
3 3 6 9
3 12 10 3
3 4 6 12
6 5 4 3 8 2 1
3 13 2 12
4 1
3 4 3 1
15 15
3 8 3 9
3 3 6 2
3 4 8 7
3 9 14 6
7 3 11 14 10 12 4 13
5 7 2 1 12 9
3 4 5 2
3 5 9 10
3 15 9 4
3 6 7 10
3 15 11 2
6 6 13 8 15 1 5
3 7 5 3
3 2 8 14
3 15 7 14
12 2
6 6 8 1 4 9 5
7 12 1 10 11 2 7 3
8 1
7 2 4 3 1 5 8 7
12 12
6 4 2 7 8 10 6
3 1 4 3
3 9 11 6
3 3 11 7
4 12 1 11 10
3 5 12 6
3 9 4 12
3 3 2 12
3 5 1 2
3 4 11 5
3 1 9 7
4 3 10 9 5
12 6
3 5 8 7
3 7 10 3
7 1 12 2 10 8 6 4
3 2 9 7
5 11 9 4 5 3
3 7 12 11
13 2
7 13 3 12 10 5 7 8
7 6 1 8 2 11 9 4
3 0
15 9
3 15 12 7
3 5 3 2
3 12 4 5
3 12 13 3
3 2 13 7
9 10 6 11 3 4 9 14 7 8
5 5 13 1 15 8
4 10 12 2 1
3 2 9 15
14 7
3 4 7 1
3 12 7 13
3 8 11 7
3 7 9 14
8 10 3 14 1 6 8 12 2
6 11 5 4 9 13 2
3 10 5 7
3 1
3 2 1 3
4 1
4 1 3 2 4
6 4
3 5 4 2
3 6 2 1
3 1 3 5
3 6 4 3
9 1
5 3 4 5 1 9
7 4
3 7 3 1
4 3 2 4 5
3 4 1 6
3 6 2 7
14 15
3 13 10 2
3 1 13 8
6 4 3 12 13 6 9
3 3 7 1
6 8 4 10 5 11 7
3 12 1 10
3 14 13 11
3 14 6 7
3 12 8 14
3 3 2 11
3 3 10 14
3 1 6 11
3 12 7 2
3 2 8 6
5 1 5 2 14 9
10 6
3 2 7 1
3 5 7 6
3 7 3 10
5 8 1 5 10 4
5 3 2 9 8 6
3 7 4 9
6 2
4 4 5 1 6
3 2 3 5
12 9
3 7 10 2
5 4 12 9 3 2
3 8 11 2
3 8 3 7
6 1 5 8 10 6 9
3 3 11 1
4 7 6 4 11
3 11 10 12
3 7 12 5
14 11
3 2 12 7
6 3 13 4 12 14 11
3 14 2 1
3 12 1 6
3 13 1 10
7 9 5 6 8 10 2 11
3 8 7 13
3 6 7 14
4 4 5 7 1
3 3 10 7
3 3 9 1
28 33
3 24 14 7
3 16 4 5
5 26 5 10 12 23
3 18 7 5
4 14 12 15 9
3 11 2 12
10 11 28 8 21 7 16 25 17 15 26
3 19 10 11
3 25 4 12
4 10 21 14 27
3 10 18 28
3 16 13 10
3 20 14 11
3 10 1 7
3 24 5 25
3 22 12 7
3 13 21 5
3 17 3 10
3 12 3 28
3 14 22 26
3 15 27 5
3 14 19 16
15 23 9 2 4 24 20 18 6 27 8 13 1 19 3 22
3 22 5 28
3 20 16 12
3 14 23 25
3 20 10 15
3 24 12 17
3 6 21 12
3 6 10 25
3 3 11 5
4 6 5 17 14
3 2 14 28
31 45
4 23 6 1 25
16 4 13 7 8 31 18 12 26 16 9 23 22 17 15 3 21
3 25 29 12
4 24 27 1 8
3 19 23 28
3 26 11 20
4 19 1 29 9
3 19 17 11
3 29 27 17
3 28 3 14
3 6 30 17
3 18 20 24
3 12 19 24
3 20 6 13
3 18 29 30
3 3 20 29
3 10 24 4
3 1 5 3
4 28 8 29 5
10 10 19 20 31 2 27 25 14 5 30
5 10 11 1 28 12
6 6 7 14 24 11 29
3 14 1 22
3 9 11 25
3 30 11 23
4 2 28 6 18
3 11 2 8
3 28 16 27
3 27 22 11
3 6 19 3
3 28 7 20
4 30 24 28 21
3 13 24 2
3 11 5 21
3 30 7 1
3 29 2 4
3 12 5 6
3 25 24 17
3 15 20 1
3 27 6 21
3 5 23 24
3 29 21 10
3 26 2 1
3 10 22 6
3 4 28 25
43 80
4 26 32 23 35
3 35 1 30
3 21 36 26
4 29 43 31 10
3 4 6 43
4 27 2 22 29
3 8 35 16
5 18 24 3 22 26
3 34 27 21
3 21 13 43
3 41 26 34
3 18 6 25
3 3 41 19
3 29 3 28
3 43 41 5
3 18 41 11
5 35 33 18 39 29
3 35 37 34
3 23 27 42
5 18 30 27 14 10
3 15 41 10
4 26 38 6 27
3 19 22 21
4 12 18 32 28
3 35 41 2
4 28 22 42 35
3 7 24 41
3 39 34 16
3 4 22 30
3 3 21 8
4 39 3 14 37
3 30 7 2
3 9 13 39
3 3 31 30
3 1 16 3
4 6 35 10 24
11 9 6 32 16 42 41 37 21 20 29 30
3 33 3 6
5 22 39 36 6 12
4 16 5 10 12
4 38 7 18 37
3 5 21 7
3 16 27 15
3 7 14 6
3 25 12 37
4 38 32 10 3
3 14 12 42
4 43 42 18 1
3 21 4 18
4 31 32 39 27
3 26 9 25
4 43 40 30 39
3 39 4 41
3 21 35 38
3 9 1 22
3 29 40 26
3 2 42 3
4 43 2 16 26
3 22 41 13
3 8 29 7
3 28 37 26
3 18 16 17
3 21 11 39
3 23 41 12
3 41 27 36
3 15 43 37
22 19 1 20 17 33 2 31 36 4 14 28 25 15 24 13 38 40 23 11 5 34 8
8 27 43 7 35 9 3 12 17
6 10 19 7 42 39 26
4 16 25 7 22
4 22 32 34 43
3 40 7 32
4 17 22 10 37
3 24 12 29
3 12 31 21
3 19 18 9
3 9 10 8
3 37 24 27
3 2 10 21
4 15 26 30 12
38 95
5 19 23 34 5 24
4 24 14 22 2
8 7 14 20 34 11 37 31 9
4 32 28 33 11
4 37 15 13 25
5 23 3 11 22 35
3 18 38 3
3 32 13 34
8 4 16 1 24 33 37 29 3
3 36 28 1
3 29 19 11
4 14 38 27 1
5 34 15 30 22 16
3 9 16 12
3 30 23 38
4 33 23 7 8
3 23 36 6
3 10 21 30
3 35 38 20
3 1 19 26
3 7 32 12
3 26 18 34
3 14 19 36
3 20 4 21
4 11 17 25 1
3 16 31 38
3 26 33 30
4 6 21 34 1
4 23 37 26 27
3 16 26 13
3 38 24 13
4 3 13 7 21
4 20 2 33 36
5 5 14 15 33 35
4 23 18 32 20
3 9 33 27
3 4 10 5
3 22 17 20
5 38 34 10 33 17
3 3 34 27
5 17 14 16 23 21
3 7 29 17
3 37 21 19
3 23 25 4
3 36 4 34
3 30 36 11
3 37 5 17
3 27 32 16
3 21 24 35
3 31 25 3
3 5 30 3
3 34 2 29
3 13 22 33
3 18 11 5
4 28 10 22 37
5 26 15 3 28 20
14 12 13 18 31 4 35 8 30 19 6 17 27 28 2
3 25 34 35
3 21 31 33
3 12 36 37
3 7 26 35
4 7 6 5 16
3 23 29 12
3 32 30 24
3 33 25 12
3 26 14 4
4 10 14 29 13
4 15 27 21 11
4 28 7 25 24
4 38 7 15 4
4 14 3 32 6
3 6 38 37
11 22 36 8 9 29 21 25 32 5 38 26
4 31 15 24 36
3 27 29 20
3 25 30 14
3 35 16 36
3 2 37 32
6 1 23 2 9 10 15
4 22 18 1 7
3 8 16 11
3 9 24 17
3 11 38 2
3 29 6 15
4 5 13 1 20
3 19 3 9
3 32 1 35
3 32 31 10
3 20 24 6
4 36 7 10 27
5 16 20 19 25 10
3 19 32 15
3 17 36 3
3 3 10 8
5 24 12 10 26 11
33 70
3 16 30 1
3 3 2 32
14 10 21 22 15 13 1 20 11 3 6 7 8 4 27
3 12 20 25
3 27 5 16
6 28 5 18 17 29 22
3 6 16 17
3 18 8 23
3 33 32 6
3 10 19 24
4 12 14 3 5
3 28 8 2
3 33 7 31
3 24 20 2
3 32 25 13
3 31 3 16
3 7 17 9
3 20 23 31
4 14 28 11 30
3 7 28 23
3 8 33 5
3 3 18 25
11 14 33 25 21 2 16 9 29 19 23 26
4 4 16 32 18
4 11 26 17 12
3 29 3 24
3 27 24 14
3 4 28 33
3 12 33 10
3 8 26 24
4 25 8 30 17
5 17 23 24 32 15
3 30 10 23
3 9 10 32
3 18 10 26
3 29 30 27
3 14 32 22
3 5 9 4
3 33 30 20
5 28 1 12 19 32
4 5 31 2 10
3 6 28 26
4 29 31 11 32
3 4 17 14
3 19 4 30
7 31 6 18 12 9 30 24
3 4 29 12
4 25 11 5 24
3 23 12 22
3 16 24 22
3 24 33 1
3 19 5 20
3 2 7 12
3 27 18 2
3 8 14 31
3 8 12 16
3 10 28 16
3 1 17 2
3 23 1 5
3 19 15 18
4 31 25 28 15
5 7 26 30 32 5
4 13 19 17 31
3 20 9 28
3 33 17 3
3 2 22 30
3 21 24 28
3 18 33 11
3 20 18 14
3 4 31 26
31 65
4 7 8 16 18
4 19 28 12 5
3 14 12 17
3 19 26 6
5 23 9 31 24 18
3 10 17 27
4 22 5 1 29
4 1 28 24 20
4 28 8 9 2
4 18 10 2 26
3 10 4 22
4 8 26 17 23
3 7 15 6
3 29 3 26
4 15 2 14 5
10 7 31 14 28 21 22 11 25 26 27
4 6 5 18 21
4 4 7 9 17
11 6 16 4 27 2 13 12 1 23 30 3
3 20 4 14
3 11 23 20
3 29 28 23
3 11 18 3
3 31 5 13
3 14 24 13
3 3 5 7
3 21 29 16
5 5 26 9 20 16
3 18 14 1
4 15 3 22 9
3 23 19 7
4 10 19 1 31
8 29 18 20 15 19 13 17 25
4 21 10 23 15
3 15 31 4
3 15 28 30
3 1 25 9
3 22 6 20
4 30 9 19 11
4 26 12 15 24
3 13 28 10
3 16 15 11
3 30 20 21
3 18 28 4
4 29 8 11 12
3 22 12 18
3 9 12 21
3 31 2 17
3 8 13 22
3 6 11 24
4 21 8 19 4
4 24 7 2 29
6 24 10 25 8 5 30
5 14 10 6 29 9
3 11 1 17
4 7 20 12 10
3 19 3 14
3 22 17 30
4 3 31 20 8
3 4 11 5
3 28 17 6
4 22 19 16 24
3 30 31 29
3 15 8 1
4 21 3 17 24
37 77
3 37 31 26
3 24 18 17
4 23 26 9 14
3 5 21 4
4 10 33 3 19
3 2 26 32
3 34 14 31
4 21 19 13 28
3 34 27 26
5 17 9 28 8 30
3 14 3 18
3 28 23 2
3 7 33 18
3 16 36 28
4 6 15 10 4
3 23 12 6
5 10 17 36 14 25
4 8 12 24 5
4 7 16 17 12
4 28 20 5 14
3 27 10 37
3 2 10 1
3 33 16 30
3 8 3 27
3 17 11 19
3 6 33 20
3 21 2 17
4 14 12 29 30
3 7 29 13
3 31 4 30
16 34 24 20 7 1 15 30 35 22 37 32 3 11 36 21 23
12 9 2 5 19 35 6 18 27 29 16 31 25
3 28 31 7
4 19 26 4 36
4 18 8 4 32
5 33 28 4 25 24
3 19 14 15
3 6 7 26
3 8 16 15
4 14 37 16 4
3 33 37 5
3 13 15 25
4 31 23 10 8
3 4 29 22
3 28 29 37
3 20 10 16
3 32 29 10
3 25 12 1
3 10 24 9
4 5 10 34 13
4 2 34 4 12
3 27 21 14
3 11 28 6
3 29 36 8
3 13 37 18
3 32 17 31
3 9 3 4
6 22 33 2 14 8 13
3 6 14 32
4 33 27 12 36
3 11 9 33
3 27 28 1
5 17 26 33 29 15
4 13 11 31 12
5 4 27 13 17 20
4 16 26 13 24
3 3 17 5
4 26 25 20 8
3 30 6 13
6 26 18 28 10 12 22
3 31 33 1
3 5 11 26
3 37 6 8
3 37 12 9
3 32 12 19
3 1 13 9
3 6 17 34
36 82
3 28 3 27
4 15 7 19 14
3 4 15 22
3 12 27 6
3 25 35 31
3 23 29 9
3 12 14 35
3 19 31 8
4 12 15 13 33
3 23 34 36
3 27 17 14
3 30 10 20
3 31 33 4
3 30 25 11
3 13 9 19
3 35 32 13
3 31 29 27
3 32 19 4
3 5 21 31
3 33 17 29
3 22 13 23
5 35 5 30 17 34
3 7 23 4
3 11 19 1
3 16 31 23
3 34 33 3
3 32 30 29
3 5 12 16
3 21 19 3
3 10 3 35
5 20 27 15 35 23
3 11 21 27
3 25 5 22
4 6 35 19 18
3 30 21 12
3 23 21 32
3 34 15 31
3 4 30 2
3 10 7 33
15 16 25 14 8 1 29 10 34 13 21 24 26 4 28 6
3 7 5 8
3 11 15 10
4 9 21 35 33
3 34 19 12
3 11 35 29
3 27 1 36
4 19 25 2 23
5 26 27 30 19 22
3 5 10 32
5 20 28 19 5 33
3 26 15 2
3 23 26 17
3 8 30 36
4 9 15 30 16
3 33 16 36
4 9 5 4 27
3 16 35 7
3 23 10 12
5 33 18 30 23 1
3 31 30 14
3 8 27 2
4 5 15 36 29
3 13 18 5
3 15 1 17
4 14 23 5 11
14 17 12 9 36 31 32 22 20 2 18 3 24 7 11
3 2 14 33
3 1 2 35
3 6 23 3
3 10 19 36
3 13 7 30
3 4 35 36
3 7 34 27
3 16 17 19
3 26 3 5
3 27 18 16
3 8 15 32
3 15 18 21
3 15 3 25
3 28 35 22
3 33 8 11
4 25 32 33 27
30 56
3 17 19 11
3 26 3 20
3 15 9 28
3 30 2 12
3 27 8 24
3 15 23 30
3 6 15 8
3 3 5 25
3 16 4 18
3 26 18 11
6 24 6 11 3 4 14
3 5 11 15
3 15 17 3
4 22 3 10 28
3 5 6 26
3 28 19 1
3 13 5 4
3 22 27 30
4 30 16 9 3
3 4 26 23
4 30 26 21 24
10 26 13 27 25 14 10 19 15 12 16
3 4 9 19
3 9 6 25
3 30 19 20
4 11 7 25 30
3 19 29 24
4 4 29 10 30
3 19 21 6
3 3 1 12
3 17 24 16
3 3 19 18
3 11 9 27
3 6 12 20
3 24 20 13
3 8 11 10
3 6 10 23
3 28 26 8
3 4 15 7
3 13 11 1
3 25 22 24
4 20 11 16 28
3 12 11 29
3 18 24 15
3 28 27 23
3 4 27 1
4 24 12 28 5
3 24 10 1
4 28 4 2 25
3 22 12 4
14 14 22 8 9 18 2 5 17 1 23 21 29 20 7
3 6 27 7
3 16 2 6
3 29 3 27
5 30 28 17 13 6
3 21 13 3
32 49
3 2 29 16
3 15 20 2
7 24 10 8 7 11 2 31
3 7 32 26
4 9 13 24 26
3 17 10 18
3 25 29 7
3 3 12 13
3 24 27 21
4 26 23 8 14
9 28 31 17 6 15 27 26 3 29
4 5 15 24 18
3 11 4 15
3 2 3 1
3 4 7 3
5 18 6 14 2 30
3 29 9 11
4 18 11 20 3
3 16 31 14
3 20 24 29
3 25 27 2
3 17 22 7
3 23 6 11
3 9 6 7
3 18 26 1
3 27 8 20
3 16 11 17
4 18 27 12 7
5 29 18 13 8 4
3 29 14 21
3 20 13 31
4 7 19 14 15
3 24 23 3
5 27 13 1 14 11
3 7 30 13
3 11 22 26
3 1 17 8
4 2 5 17 13
3 22 31 18
3 21 15 8
3 24 25 6
16 21 28 19 12 10 20 9 1 32 22 23 30 25 5 16 4
3 2 4 26
4 32 14 17 24
3 14 3 25
3 6 10 13
3 23 13 15
3 3 8 16
3 6 32 8
26 20
3 14 19 2
3 25 7 10
4 26 4 11 21
5 24 19 26 25 9
3 21 16 19
3 25 2 21
3 20 14 26
3 9 4 18
4 4 5 24 23
3 5 26 22
3 26 7 1
4 16 4 25 14
4 19 4 7 12
3 1 5 25
3 7 11 24
16 22 2 16 12 15 1 18 20 13 17 11 6 8 3 23 10
3 5 18 19
6 9 14 5 7 8 21
3 21 1 24
3 17 14 24
17 15
3 11 6 12
3 3 8 2
9 15 11 17 1 13 9 7 2 14
3 6 2 10
3 13 16 10
3 14 16 12
3 8 13 6
3 2 5 16
3 3 10 1
3 5 6 9
3 16 8 7
6 10 4 17 8 12 5
3 13 5 3
3 3 12 7
5 3 16 15 4 6
42 75
3 30 28 3
4 33 28 5 22
3 9 32 33
3 34 18 19
3 39 4 19
3 16 34 3
4 28 24 34 8
3 39 18 24
3 24 10 3
3 28 39 36
3 17 38 3
4 27 18 21 28
3 37 36 27
4 4 37 30 32
4 12 2 19 9
3 11 13 18
5 28 19 40 37 35
3 14 36 38
3 21 17 8
3 23 21 9
3 25 21 3
21 27 10 14 31 39 25 13 20 2 23 33 40 34 26 7 41 30 17 1 42 6
10 4 5 36 29 8 31 18 3 35 9
4 16 15 40 5
3 40 32 18
3 15 41 8
3 35 6 16
4 28 11 9 10
3 30 35 24
4 12 1 24 5
4 21 5 34 37
3 32 7 3
4 8 12 22 7
3 14 12 3
6 38 28 12 25 4 16
3 27 22 4
3 16 26 29
3 4 24 13
3 8 19 33
3 31 11 12
4 23 18 38 22
3 17 4 11
3 19 3 23
4 12 21 29 20
3 42 35 22
4 10 19 5 38
3 8 37 26
4 25 35 15 11
3 32 5 26
3 11 6 5
3 16 8 2
3 19 29 1
3 26 36 15
3 6 24 29
5 32 29 23 15 28
4 22 37 3 1
3 3 39 15
3 22 17 29
4 4 21 15 1
3 36 12 33
3 39 11 8
5 29 37 33 11 38
3 30 22 15
3 37 24 31
4 8 38 42 32
3 26 11 3
3 14 18 16
4 32 12 35 17
3 19 15 31
3 9 22 40
5 15 18 37 12 6
9 41 36 19 11 24 16 21 22 32
4 21 35 26 38
5 9 20 38 15 24
4 37 16 9 39
42 110
4 38 31 40 39
3 31 35 17
15 11 38 2 16 21 20 8 17 29 23 26 36 19 41 33
3 42 29 14
3 36 30 1
3 39 17 13
4 37 7 2 1
4 14 22 41 31
4 1 12 33 31
3 7 21 25
3 34 7 26
3 41 40 9
3 8 30 3
5 4 9 39 15 8
10 20 12 3 18 6 9 37 32 34 22
3 2 24 18
3 30 20 40
3 18 1 17
3 16 14 18
4 10 23 34 40
3 34 17 25
5 37 15 29 40 35
3 36 18 25
5 3 28 15 23 31
3 14 36 34
3 4 34 21
4 42 12 40 2
9 4 18 10 27 11 42 30 7 31
3 42 36 9
5 15 38 1 27 32
4 23 6 39 24
4 12 27 41 25
4 27 39 14 20
5 5 39 7 36 22
5 9 5 17 30 28
4 28 37 8 14
3 30 33 39
4 13 27 2 34
3 18 23 13
3 29 39 12
5 28 12 35 4 36
3 37 42 26
3 29 28 25
5 16 15 13 42 22
3 4 17 37
3 27 24 16
3 9 14 11
3 4 6 33
6 19 1 42 34 35 39
4 31 25 19 32
4 15 41 18 5
4 42 41 28 24
3 17 32 24
3 30 24 29
3 32 39 11
3 36 27 3
4 39 18 28 26
4 35 32 13 41
4 6 42 8 25
5 7 13 28 6 38
4 14 32 21 30
3 4 2 32
4 32 23 5 42
3 10 13 8
3 6 29 5
4 15 34 11 24
3 26 32 10
4 40 6 27 19
3 22 8 24
5 35 9 33 24 7
3 18 35 8
3 33 10 15
3 33 32 28
3 5 35 20
5 22 35 30 23 25
4 40 11 22 28
3 3 41 10
4 28 20 1 10
3 20 15 25
5 10 14 6 35 2
3 10 29 9
4 24 10 38 12
3 27 9 26
4 33 37 5 27
3 3 42 17
4 31 36 24 37
5 12 17 7 15 14
3 10 19 5
3 34 41 30
3 21 27 35
3 9 23 1
3 21 18 40
3 13 37 11
3 38 3 35
4 26 30 15 6
4 9 21 31 13
10 25 1 40 14 4 24 5 13 3 26
4 13 12 19 30
3 22 27 29
3 41 1 6
3 21 10 22
3 25 2 9
4 8 7 40 32
3 29 7 3
3 8 5 12
3 4 22 38
5 25 37 16 39 10
3 30 37 38
3 39 3 21
4 31 34 5 16
33 63
3 12 19 26
3 17 33 20
4 33 15 3 31
7 7 3 12 1 13 4 20
3 7 26 22
3 30 13 22
3 14 3 6
3 24 14 17
4 5 20 22 25
4 23 31 12 21
10 17 23 27 19 16 22 18 9 3 10
3 8 1 17
3 28 7 17
3 16 20 24
3 20 21 18
3 1 30 19
3 3 5 32
3 28 16 15
3 10 2 13
3 7 2 19
3 19 15 8
3 12 10 32
3 22 8 31
4 7 16 32 14
4 10 15 20 30
3 12 18 28
3 27 8 12
3 26 13 16
3 28 27 13
4 12 30 5 16
4 5 18 7 11
3 1 14 9
3 10 28 1
4 31 13 32 17
3 17 12 25
4 12 2 22 14
3 4 14 10
3 19 6 20
3 18 2 31
3 2 17 15
3 10 29 31
3 18 13 6
3 21 13 19
3 17 4 5
3 14 18 8
5 26 31 14 27 20
3 7 8 23
3 31 7 25
3 26 1 18
4 15 7 6 27
6 23 15 13 5 29 14
3 10 5 21
4 31 24 19 5
3 4 15 18
4 6 16 31 1
4 2 5 1 27
4 32 1 15 22
15 9 28 32 2 25 24 26 30 33 29 21 8 11 6 4
3 14 28 19
3 24 1 23
3 33 7 10
3 23 20 2
3 9 12 15
15 15
3 1 3 2
4 12 1 8 11
3 5 7 8
3 14 1 9
3 13 11 2
3 12 13 5
3 6 13 1
3 3 4 13
3 3 9 8
3 3 15 12
3 15 9 11
4 4 5 1 15
5 15 10 13 14 8
5 11 6 14 5 3
7 6 10 12 7 2 9 4
13 7
3 7 2 13
6 9 6 1 10 2 12
3 7 11 1
3 9 5 7
3 12 4 7
7 11 3 8 6 5 13 4
3 7 10 8
20 17
3 14 5 4
3 10 19 11
4 2 12 14 9
3 1 10 14
4 12 10 7 13
11 18 2 4 17 19 6 7 8 3 15 1
3 9 19 20
5 10 16 15 9 5
3 20 10 2
3 13 6 9
3 7 9 11
6 13 16 20 11 14 17
4 12 3 5 11
3 2 5 13
3 16 12 1
3 5 6 20
3 12 15 20
14 6
5 6 10 5 2 7
3 6 4 9
3 7 9 1
3 9 14 10
9 13 8 4 5 3 12 14 11 1
3 2 3 9
41 94
3 23 38 17
3 26 24 28
3 30 39 24
4 28 37 2 25
3 25 10 24
3 2 9 27
3 29 20 13
3 4 16 15
3 26 13 33
3 18 30 21
3 24 41 17
3 18 16 29
3 11 20 38
3 19 20 12
4 6 13 16 2
3 11 2 10
3 27 34 25
3 41 16 40
14 31 38 7 18 15 34 41 10 22 13 9 19 28 39
3 35 16 22
4 12 25 36 13
3 26 40 10
3 1 14 22
5 36 34 16 30 37
3 26 5 22
3 38 3 16
3 13 32 30
3 21 36 10
3 2 24 38
3 33 17 10
4 8 28 30 20
4 25 29 22 30
3 25 38 4
3 41 35 30
3 11 19 36
3 14 23 13
3 9 30 3
3 41 1 20
6 26 39 25 20 16 21
4 9 16 24 14
3 36 39 5
3 40 36 15
3 32 22 20
3 29 17 28
4 1 26 38 36
3 19 14 35
3 15 25 6
3 39 27 17
4 14 10 20 5
4 34 35 20 2
4 14 18 36 3
3 19 8 2
3 17 13 40
3 31 27 26
3 6 30 38
3 39 32 2
3 15 3 20
3 40 31 2
4 14 11 31 25
3 41 14 6
3 23 31 16
3 6 20 18
3 17 8 18
4 17 25 1 9
19 33 37 32 8 29 1 40 11 4 7 21 12 35 24 3 5 6 27 23
5 31 20 17 4 36
3 26 32 41
3 29 39 14
3 5 25 41
3 11 9 26
3 36 9 8
3 3 2 22
3 21 28 14
4 41 36 29 2
3 34 11 17
3 14 38 27
3 27 28 16
3 30 31 33
7 2 26 17 14 15 12 30
3 16 1 10
3 34 26 3
3 19 3 25
3 18 23 26
3 22 27 36
3 4 19 30
3 20 40 9
3 25 18 32
3 10 30 27
3 18 2 33
3 17 22 21
3 35 36 28
3 19 6 26
4 16 17 5 19
3 34 14 8
18 24
3 2 1 11
3 9 8 1
3 2 16 3
7 4 17 16 11 14 18 9
3 17 5 8
3 12 11 6
3 13 12 9
3 17 10 12
3 6 14 3
3 9 15 2
7 1 5 3 7 12 15 18
3 16 10 15
3 12 14 2
3 17 3 13
3 14 10 5
3 1 16 13
3 11 13 5
3 15 17 6
3 14 8 15
3 6 9 5
3 9 10 3
3 12 16 8
7 7 4 13 10 6 2 8
3 3 11 8
39 55
3 23 26 27
3 39 37 22
3 36 24 29
3 29 9 38
3 28 21 35
3 27 22 29
3 19 34 32
5 16 7 2 8 26
3 13 31 21
3 19 28 27
3 39 3 12
3 24 35 1
4 23 2 11 36
3 7 35 34
3 24 39 31
4 24 21 2 15
7 7 29 21 11 32 6 39
3 12 21 26
3 26 13 29
3 14 12 24
4 14 23 35 39
9 35 13 12 2 38 33 32 27 37
3 38 1 11
4 12 23 9 7
6 22 21 23 19 38 16
4 26 19 11 35
3 2 14 29
3 36 16 32
4 19 39 2 25
4 39 8 4 38
3 23 32 31
3 24 38 6
3 27 39 5
4 36 8 27 21
3 11 20 13
3 16 37 1
5 24 7 19 37 3
3 35 8 9
3 7 20 27
4 8 37 11 14
3 21 10 37
3 32 8 1
3 32 25 24
5 29 8 12 31 19
5 11 27 16 18 24
3 7 5 13
5 24 23 13 8 10
4 16 25 29 35
4 37 29 20 23
3 16 28 12
3 13 6 19
3 11 34 12
3 18 38 7
21 33 4 3 36 26 18 20 30 1 6 15 34 5 9 22 10 25 31 28 14 17
4 39 34 16 13
17 22
6 11 3 8 6 12 4
3 10 7 11
7 9 17 5 10 16 1 3
3 14 1 6
3 16 6 7
3 7 4 17
3 15 6 17
3 2 1 4
3 7 8 1
3 13 4 16
3 10 13 6
3 10 4 14
3 2 11 17
3 11 13 5
3 15 10 8
7 2 9 7 13 12 14 15
3 2 6 5
3 15 11 1
3 16 14 11
3 5 15 4
3 2 16 8
3 17 14 8
13 14
3 8 11 7
3 5 6 2
4 10 2 13 4
3 9 12 2
3 13 12 11
3 9 7 4
4 3 2 1 11
4 6 9 1 13
3 11 6 4
5 12 6 3 7 10
3 5 13 7
4 11 9 10 5
3 9 8 3
5 4 1 8 5 12
40 71
6 23 37 14 24 11 20
3 1 12 11
3 32 7 11
3 22 21 32
3 34 38 11
3 16 13 12
3 20 40 30
3 19 24 16
3 17 32 14
3 24 17 34
3 20 22 38
3 23 40 18
3 39 9 30
21 25 26 19 4 37 10 38 39 8 33 15 29 40 28 31 36 7 21 17 6 12
3 18 14 29
3 7 22 3
3 23 15 35
3 26 24 3
4 7 13 1 14
3 13 3 21
3 9 13 6
3 14 2 39
4 22 11 2 17
5 39 22 13 5 23
3 24 28 32
3 11 8 16
3 7 5 30
3 10 5 14
5 22 34 14 6 30
4 3 33 30 11
3 22 35 28
3 40 24 2
3 30 1 15
3 33 1 23
3 1 24 6
13 18 32 1 35 16 9 3 36 20 5 2 34 27
3 25 2 13
3 14 8 35
4 23 12 2 30
3 26 18 13
3 21 23 9
3 30 37 16
3 13 8 32
3 16 14 15
3 30 18 8
3 10 32 30
3 27 23 6
3 7 16 23
4 35 11 4 13
3 18 6 11
3 27 10 11
3 34 31 23
3 19 3 23
3 5 40 11
3 11 9 31
3 22 31 27
3 32 29 23
3 40 22 16
3 31 5 24
3 35 24 38
3 3 31 14
3 13 10 20
3 14 9 4
3 34 13 15
3 1 22 10
4 22 24 18 15
5 13 27 24 30 29
3 22 9 29
3 25 14 27
3 30 35 26
3 24 9 7
17 11
3 6 2 10
4 10 15 5 16
3 5 17 1
3 17 11 10
6 4 6 9 15 13 17
3 11 5 9
3 9 10 8
10 7 14 3 12 8 2 16 4 1 11
3 13 12 10
3 5 6 14
3 5 13 3
45 145
3 10 36 42
6 13 31 19 44 38 4
3 22 3 44
3 35 14 4
3 4 40 24
3 44 18 35
3 19 22 35
4 13 7 30 20
3 42 18 39
3 5 23 37
3 38 6 25
3 14 44 28
4 1 45 5 20
3 19 1 26
3 22 20 15
3 29 13 34
3 12 16 10
3 17 6 8
3 23 35 27
4 40 44 2 17
3 39 36 4
3 23 28 30
3 38 12 7
4 18 41 20 23
3 17 38 35
5 23 7 45 17 36
3 6 37 4
3 15 27 17
3 23 16 3
3 19 33 43
3 35 30 12
3 11 45 3
3 41 1 44
7 9 19 42 3 20 25 27
5 44 34 42 23 43
3 37 12 2
3 25 36 35
3 45 4 32
3 22 5 13
3 28 38 20
3 6 1 9
3 21 17 31
3 5 40 42
4 20 26 17 11
3 17 19 32
3 42 1 33
3 12 28 36
3 10 8 20
3 31 29 9
4 40 9 28 45
3 19 40 34
5 35 42 13 45 16
3 45 41 43
3 15 12 40
3 25 21 5
17 24 35 5 10 6 2 33 7 41 26 28 39 32 15 31 34 3
3 21 20 35
3 27 6 44
3 39 40 23
3 17 30 34
4 4 7 21 42
17 8 14 1 18 30 11 27 29 16 38 36 40 32 21 43 22 37
3 38 45 34
3 22 31 12
3 42 31 30
3 13 36 2
3 34 25 11
3 37 31 25
3 30 5 44
3 9 2 30
3 2 45 18
5 23 12 19 6 21
4 23 13 8 15
3 41 17 29
3 34 12 27
4 39 11 44 9
3 26 44 36
3 42 15 11
3 41 30 19
3 19 5 8
3 9 36 33
3 26 25 40
3 29 2 19
3 6 20 36
3 31 11 23
3 9 24 16
3 25 14 41
3 29 15 45
3 6 42 22
3 11 41 12
3 45 14 6
4 37 42 24 17
4 19 45 37 39
3 18 13 26
3 41 9 22
3 27 13 24
3 1 23 2
3 22 33 45
3 20 16 34
4 23 38 9 26
3 7 18 25
4 43 4 20 2
3 26 4 8
4 20 12 39 14
3 26 45 21
3 4 11 28
3 31 40 20
3 37 35 9
4 33 37 44 20
3 30 3 4
5 29 25 33 23 4
4 3 13 12 43
3 28 18 19
3 27 4 41
3 33 17 16
3 37 13 28
3 24 20 29
3 6 13 11
3 42 38 2
5 17 39 25 1 13
4 12 26 29 42
3 23 22 10
3 43 15 25
3 25 22 28
3 17 43 28
6 12 4 18 9 17 5
6 8 44 45 12 24 25
3 41 8 42
3 9 15 14
3 13 33 14
3 14 7 19
3 19 16 15
3 21 44 15
3 16 2 25
3 11 24 19
3 24 14 23
3 7 29 44
3 34 8 9
3 45 27 31
3 4 1 34
3 40 41 13
3 43 9 7
3 10 30 25
3 17 3 14
4 13 21 9 10
11 2
6 8 10 4 11 5 1
6 2 7 6 3 9 11
13 7
3 8 10 2
3 7 3 2
4 2 6 4 11
8 10 1 9 7 13 5 12 4
4 8 6 3 1
3 7 11 8
3 11 5 3
25 33
3 19 10 16
3 15 7 11
3 16 7 25
4 10 15 21 1
3 14 21 24
8 19 21 20 9 23 8 7 12
3 24 12 22
3 1 12 17
3 14 19 25
4 21 22 11 3
3 24 20 18
3 20 10 17
3 25 8 18
4 3 7 10 2
3 25 21 17
6 24 10 25 9 11 5
3 3 9 18
3 12 11 4
3 8 17 11
3 13 8 10
5 4 1 25 3 20
3 15 12 3
3 14 11 20
12 2 6 5 4 13 14 15 16 17 22 18 23
3 14 12 10
3 22 1 8
3 19 5 3
4 13 24 7 1
4 11 19 18 1
3 1 14 9
3 24 2 19
4 24 6 8 3
3 25 12 2
22 29
3 19 15 11
3 14 20 19
3 13 9 6
3 5 9 16
3 6 1 22
3 4 3 10
8 2 22 16 3 15 13 12 14
3 13 19 1
3 15 8 4
10 11 18 9 20 7 8 1 21 2 10
3 5 20 15
3 4 22 11
3 14 5 11
3 6 11 12
4 4 20 6 16
3 21 22 19
3 12 17 20
3 19 7 16
6 6 17 19 3 8 5
3 13 17 11
3 14 6 18
3 10 17 22
3 15 6 7
4 13 4 5 18
4 4 12 9 19
4 4 14 7 17
3 17 1 15
3 21 16 17
3 7 12 5
36 42
4 32 5 17 20
21 36 12 18 26 9 4 31 2 35 6 8 16 22 14 23 32 34 15 28 27 24
3 17 13 31
3 2 19 5
4 18 33 13 30
3 29 17 14
7 29 30 3 5 21 26 11
4 10 24 1 21
3 30 25 28
3 11 36 13
3 25 16 11
4 19 29 25 6
4 8 10 17 30
3 29 7 9
3 6 33 5
3 7 36 5
3 31 33 20
4 5 25 1 12
7 10 25 7 13 27 3 20
3 23 21 17
3 17 25 15
3 3 33 32
3 3 1 35
4 19 35 20 30
3 17 22 3
3 21 15 20
3 7 30 24
3 19 31 3
3 11 20 9
3 1 14 30
3 20 1 36
3 16 29 20
4 29 33 4 10
7 33 11 1 7 17 28 19
3 13 24 5
4 14 21 19 13
3 10 28 5
4 21 25 33 22
3 15 10 19
3 11 10 2
3 31 21 7
4 2 13 29 1
24 13
3 15 16 20
5 22 18 2 15 11
3 13 22 14
16 19 24 10 23 8 5 12 9 14 21 3 16 17 1 18 4
5 7 6 20 3 22
3 6 24 2
3 7 9 15
4 13 2 7 17
4 11 20 21 13
4 15 13 10 6
3 6 4 11
3 2 20 12
3 7 11 19
45 104
3 42 27 5
3 28 10 18
3 9 22 13
3 25 33 3
3 40 23 19
3 17 43 13
3 42 10 16
4 15 27 16 32
3 4 18 3
3 38 44 26
22 4 30 20 34 24 11 17 41 23 14 2 37 32 26 35 25 5 10 36 1 22 6
3 20 27 29
3 45 3 36
3 40 21 14
3 10 13 15
4 37 40 44 31
3 29 37 13
3 34 29 3
3 13 5 12
3 15 7 5
3 40 15 20
3 40 12 41
4 22 7 42 28
4 21 38 16 30
3 12 38 32
3 35 45 27
3 14 7 45
4 12 16 7 23
3 27 8 2
4 24 8 13 7
3 28 39 36
7 3 16 31 28 11 19 13
3 33 4 7
3 40 43 5
3 25 16 8
3 40 11 9
3 27 19 30
3 38 8 36
3 17 15 31
3 37 38 43
4 41 21 13 27
3 45 13 23
3 31 43 24
3 44 28 23
3 26 7 29
3 31 21 25
3 45 25 40
3 1 31 42
3 31 39 5
3 13 30 39
3 38 19 22
3 3 43 22
3 26 9 27
3 42 35 3
3 16 5 45
3 38 45 17
3 38 20 33
4 31 41 38 29
4 18 27 23 31
3 14 27 43
3 24 18 40
3 10 12 31
3 35 16 43
3 40 17 33
4 12 28 24 27
4 29 22 40 16
4 13 38 1 18
3 3 12 1
3 44 14 3
3 33 28 26
3 44 7 35
3 31 33 36
4 4 40 13 42
4 30 9 31 7
3 18 11 7
3 37 3 8
3 43 7 32
3 33 2 13
3 31 45 4
3 3 2 9
15 42 39 29 18 45 19 6 9 12 33 15 44 8 21 43
3 36 18 16
3 4 28 21
3 3 21 26
3 14 16 33
3 3 23 15
3 16 4 9
3 25 44 27
3 16 1 44
3 28 17 29
3 42 38 23
3 31 22 8
3 7 19 36
3 1 27 33
4 28 35 8 40
3 21 20 7
3 41 28 15
3 1 43 28
7 7 40 38 39 3 27 10
3 4 38 15
3 36 13 44
3 45 28 30
4 5 38 9 28
3 16 39 24
19 18
3 10 5 13
3 6 2 9
5 12 6 19 7 5
3 1 7 14
7 1 12 10 2 4 15 16
3 10 3 7
3 16 11 7
3 6 4 11
3 6 8 16
3 17 5 1
3 5 3 2
3 6 10 14
3 5 16 9
3 3 1 6
3 7 9 4
3 17 7 2
3 4 14 5
10 19 18 3 8 11 13 9 14 17 15
