0
0
0
0
0
0
0
7
6
0
0
0
0
19
20
0
0
0
0
0
0
0
24
0
7
0
0
7
13
0
20
18
0
8
0
0
8
16
0
0
0
7
15
0
0
10
0
0
0
0
5
0
6
0
6
0
0
0
0
5
0
15
17
17
0
0
0
0
0
0
30
5
0
0
15
17
0
0
0
0
0
6
0
0
0
8
7
0
14
0
7
0
0
0
8
8
0
21
26
15
0
0
9
5
0
13
0
6
0
6
0
0
0
0
0
0
0
0
0
0
0
0
28
7
0
0
0
0
9
0
0
0
0
26
6
0
0
0
19
16
0
32
10
0
0
0
13
0
7
6
12
6
8
6
0
0
6
48
6
0
78
5
0
0
6
0
29
0
11
0
6
0
34
14
6
12
13
39
0
0
14
9
0
0
20
8
0
0
0
7
70
0
24
0
0
0
18
15
15
0
0
10
0
7
26
0
18
0
0
0
0
0
0
16
0
0
15
6
0
0
7
6
0
6
0
17
18
0
16
22
13
0
0
8
6
0
13
9
5
28
0
15
7
6
0
0
26
5
0
5
26
0
0
15
0
0
12
7
10
0
0
0
6
7
7
0
13
45
26
9
10
21
6
0
27
15
8
0
7
0
0
0
0
7
0
6
8
0
7
8
0
19
7
0
10
36
7
0
0
0
9
0
0
0
6
22
0
23
0
15
0
0
38
6
21
14
0
10
0
0
17
5
72
11
0
0
0
14
7
88
26
11
8
7
5
0
78
0
0
12
13
6
6
7
0
12
0
0
12
13
6
5
0
0
69
8
22
0
0
27
23
11
7
9
0
0
10
0
7
20
18
0
7
25
12
5
7
13
0
0
0
8
0
0
0
0
24
0
7
0
37
12
14
20
12
8
0
12
8
18
25
0
13
0
27
28
0
14
7
39
0
0
0
7
11
0
0
21
16
0
22
0
7
0
6
8
0
6
28
0
5
0
0
7
5
0
0
0
12
20
0
0
27
0
0
16
6
24
0
7
7
0
0
6
21
0
13
0
0
66
10
0
0
0
24
9
0
15
12
10
21
17
0
0
0
0
0
15
0
18
16
14
0
7
0
34
0
8
25
9
0
11
38
0
0
5
6
13
7
0
0
13
0
0
0
0
0
0
0
9
13
7
0
13
0
21
7
14
0
20
0
5
0
6
6
21
0
0
0
40
21
7
41
0
5
0
0
0
0
9
0
6
33
0
20
12
5
7
5
6
0
5
0
7
7
0
6
9
24
7
11
0
0
0
0
13
7
0
18
0
0
0
0
11
6
0
7
0
0
0
7
20
9
0
0
0
6
6
20
22
16
11
9
33
0
27
8
0
8
8
7
0
0
0
7
5
13
0
0
31
16
0
0
27
25
15
0
7
6
25
0
0
0
12
0
6
11
0
0
0
0
15
0
0
6
0
6
0
0
7
6
8
6
0
18
0
0
0
5
28
7
0
14
0
0
23
0
0
0
0
14
0
8
40
0
0
10
0
26
0
0
0
0
25
6
7
26
0
12
8
0
0
22
8
0
14
0
9
11
6
5
14
0
12
18
0
0
18
11
0
0
29
0
0
0
0
0
7
15
0
26
0
5
0
0
0
13
20
0
22
0
14
0
0
0
0
0
7
0
48
14
0
13
15
0
8
0
0
8
0
16
9
16
13
0
0
6
0
0
0
7
13
7
5
14
0
23
10
15
11
15
7
30
35
0
13
0
7
0
8
7
23
0
34
0
0
11
10
16
13
0
0
9
0
0
0
0
0
0
23
0
8
0
6
0
0
7
0
0
13
12
0
0
16
0
5
6
0
0
0
5
37
0
23
0
0
14
8
0
16
7
5
6
0
16
7
0
7
0
5
0
11
12
0
6
0
0
0
8
6
24
6
0
0
7
0
28
0
5
7
0
7
13
7
0
0
0
0
0
13
5
5
0
6
14
5
32
8
14
5
0
0
0
7
15
0
15
6
0
0
20
0
0
0
0
33
0
18
18
22
11
0
0
0
9
0
0
0
0
12
9
0
15
0
11
6
17
0
0
65
0
0
0
0
0
16
5
0
0
0
20
5
17
0
0
12
8
0
34
7
6
0
12
7
14
6
9
0
0
12
0
0
7
18
6
15
7
6
7
37
7
41
7
0
12
0
5
15
11
0
0
13
0
6
0
44
0
0
12
0
20
0
6
7
0
0
40
6
7
0
6
0
0
0
7
16
5
0
11
21
0
0
14
6
5
15
0
22
7
6
8
0
6
13
8
13
0
0
8
0
6
0
12
0
0
0
8
14
13
0
5
0
0
0
21
14
0
0
21
0
13
0
0
0
0
13
7
0
6
0
16
0
0
0
0
0
13
0
14
0
7
0
7
0
0
0
0
5
18
5
0
23
19
0
0
41
6
0
7
0
0
12
6
0
0
7
0
12
0
0
7
0
0
17
24
0
0
0
8
16
0
19
19
0
0
0
13
0
7
6
11
0
8
0
0
0
21
0
7
0
0
5
13
0
0
0
0
0
23
15
11
8
6
0
20
0
0
11
0
0
0
0
7
12
7
5
0
0
0
26
0
28
0
0
0
9
5
7
0
0
8
20
6
0
0
27
0
0
0
16
0
0
11
9
7
0
16
0
7
7
8
8
6
8
23
0
0
0
34
0
8
32
0
26
5
8
7
12
0
7
6
17
36
0
19
0
0
11
0
0
13
0
12
11
7
0
0
0
0
5
0
0
41
0
11
0
39
5
0
7
16
0
0
0
0
0
0
0
0
18
21
0
10
21
6
18
8
0
0
0
0
0
16
15
0
0
11
0
12
35
0
0
23
0
0
0
9
0
0
23
25
14
0
0
39
0
0
8
0
7
0
15
0
5
9
0
0
37
0
13
9
11
0
0
5
23
16
6
0
0
0
0
0
0
0
0
7
5
0
0
17
20
0
0
9
0
0
0
5
15
0
6
7
0
10
16
5
14
0
7
0
0
7
0
32
5
0
0
0
16
0
0
8
0
15
16
0
27
14
0
0
0
13
0
0
0
0
8
16
6
0
0
0
23
0
0
30
0
7
0
0
0
0
9
0
13
0
43
0
0
0
0
22
12
12
31
0
8
0
5
13
0
0
7
0
8
0
7
8
10
8
8
8
0
7
8
0
14
0
0
0
31
9
0
6
17
14
32
0
8
7
0
6
11
0
0
0
0
0
0
0
0
0
0
7
48
5
15
23
0
0
0
0
0
0
0
0
6
16
7
0
0
0
0
0
6
12
0
0
15
0
0
0
8
0
7
0
13
5
0
6
0
29
8
32
0
0
26
0
0
0
0
18
6
7
8
5
0
0
6
7
12
14
0
0
6
7
0
7
0
0
0
0
5
13
0
5
7
0
0
6
0
14
0
14
10
0
0
0
0
17
7
38
8
32
12
6
28
25
22
0
8
8
6
5
5
7
0
6
7
30
30
0
12
16
0
20
0
0
0
0
0
0
7
0
0
0
28
5
0
14
0
6
0
7
0
0
0
0
0
0
25
0
5
0
5
0
0
32
7
0
0
37
29
7
0
0
22
8
0
0
8
0
6
7
0
14
57
5
6
9
0
0
29
16
0
9
0
0
0
32
6
0
6
0
0
0
0
0
0
7
7
13
0
19
7
0
29
5
8
12
0
0
5
0
25
0
7
0
19
9
0
27
0
12
6
9
0
0
12
0
0
0
10
0
6
13
0
5
5
7
0
0
12
0
11
0
18
13
0
0
0
10
0
0
14
0
12
0
0
0
8
15
0
0
15
9
0
24
0
6
8
5
0
0
9
0
0
0
0
0
6
0
24
6
5
0
15
0
0
0
0
15
0
0
0
6
0
24
7
0
0
0
0
12
0
5
23
0
16
10
0
0
59
0
5
5
11
37
8
42
0
13
15
43
0
28
34
0
30
42
0
18
8
0
7
6
12
6
0
8
14
0
8
0
7
0
13
36
0
0
0
0
7
0
0
0
80
0
0
6
6
26
9
0
7
14
0
33
5
5
0
23
0
6
0
0
17
0
7
0
22
8
0
0
6
0
30
7
0
0
34
0
6
6
0
0
7
8
7
0
0
0
0
5
0
8
12
7
6
14
0
0
0
6
10
21
0
0
37
0
9
5
0
0
0
7
28
0
12
8
8
0
12
0
9
0
5
0
0
0
13
20
0
0
10
0
27
0
0
0
0
31
0
0
15
40
0
0
0
0
0
0
6
8
0
0
5
0
10
14
0
5
0
0
7
0
0
7
0
7
15
0
0
20
33
15
0
22
0
6
33
8
0
16
9
0
4
7
12
11
5
19
0
6
14
17
0
8
6
7
0
8
14
0
6
14
0
0
15
0
6
0
7
14
8
15
0
14
28
0
6
0
15
19
15
31
0
0
26
20
6
24
5
0
0
0
0
0
10
0
6
0
0
0
22
0
0
0
0
0
0
0
16
5
5
0
0
0
0
0
24
0
12
0
6
0
6
21
0
6
0
0
0
8
19
7
0
7
19
