498
1 2
2 3
2 4
1 5
5 6
5 7
6 8
7 9
8 10
5 11
8 12
6 13
12 14
14 15
2 16
12 17
4 18
9 19
2 20
17 21
10 22
19 23
16 24
10 25
18 26
7 27
7 28
13 29
28 30
6 31
23 32
31 33
21 34
13 35
15 36
5 37
27 38
4 39
32 40
15 41
4 42
40 43
19 44
18 45
34 46
19 47
8 48
32 49
30 50
19 51
48 52
33 53
15 54
34 55
18 56
36 57
3 58
56 59
36 60
59 61
56 62
60 63
15 64
51 65
29 66
11 67
63 68
35 69
14 70
39 71
41 72
46 73
50 74
70 75
71 76
75 77
69 78
58 79
62 80
29 81
28 82
78 83
15 84
47 85
57 86
59 87
8 88
73 89
48 90
29 91
19 92
56 93
75 94
44 95
28 96
35 97
17 98
25 99
61 100
42 101
87 102
6 103
5 104
19 105
25 106
73 107
68 108
39 109
64 110
57 111
27 112
74 113
31 114
35 115
61 116
30 117
102 118
116 119
100 120
73 121
29 122
115 123
60 124
37 125
106 126
72 127
34 128
87 129
33 130
93 131
103 132
95 133
51 134
17 135
62 136
31 137
9 138
108 139
77 140
138 141
89 142
76 143
12 144
16 145
11 146
4 147
17 148
139 149
84 150
139 151
81 152
19 153
120 154
95 155
139 156
153 157
116 158
44 159
1 160
56 161
23 162
42 163
78 164
38 165
99 166
10 167
41 168
10 169
54 170
41 171
32 172
49 173
33 174
59 175
47 176
86 177
91 178
60 179
158 180
5 181
137 182
3 183
54 184
160 185
149 186
39 187
169 188
29 189
173 190
88 191
100 192
110 193
138 194
174 195
63 196
70 197
127 198
84 199
128 200
115 201
39 202
143 203
57 204
112 205
101 206
100 207
167 208
149 209
18 210
64 211
106 212
197 213
94 214
82 215
155 216
87 217
158 218
212 219
28 220
44 221
26 222
34 223
102 224
96 225
24 226
115 227
66 228
7 229
200 230
17 231
15 232
202 233
18 234
207 235
45 236
18 237
91 238
61 239
136 240
53 241
14 242
222 243
209 244
134 245
119 246
42 247
56 248
73 249
233 250
12 251
139 252
115 253
238 254
244 255
184 256
119 257
149 258
243 259
228 260
94 261
116 262
231 263
175 264
97 265
152 266
79 267
177 268
160 269
69 270
30 271
35 272
189 273
47 274
4 275
126 276
225 277
108 278
9 279
79 280
270 281
159 282
25 283
101 284
134 285
151 286
122 287
124 288
218 289
196 290
136 291
26 292
183 293
197 294
238 295
98 296
149 297
12 298
69 299
8 300
90 301
111 302
224 303
248 304
117 305
76 306
152 307
58 308
226 309
26 310
213 311
290 312
277 313
122 314
300 315
75 316
100 317
113 318
239 319
100 320
50 321
80 322
50 323
164 324
314 325
194 326
50 327
28 328
81 329
322 330
266 331
326 332
15 333
135 334
17 335
25 336
278 337
313 338
54 339
24 340
24 341
222 342
74 343
316 344
102 345
223 346
83 347
98 348
66 349
126 350
107 351
242 352
199 353
349 354
17 355
127 356
229 357
349 358
175 359
309 360
2 361
121 362
179 363
284 364
275 365
365 366
66 367
236 368
312 369
280 370
45 371
185 372
123 373
270 374
80 375
62 376
42 377
328 378
51 379
274 380
339 381
119 382
356 383
341 384
96 385
193 386
152 387
162 388
147 389
368 390
85 391
10 392
3 393
7 394
66 395
379 396
351 397
342 398
40 399
337 400
178 401
130 402
111 403
152 404
245 405
183 406
182 407
254 408
321 409
175 410
248 411
282 412
392 413
379 414
142 415
299 416
261 417
182 418
295 419
73 420
322 421
271 422
3 423
163 424
34 425
201 426
252 427
380 428
143 429
63 430
327 431
135 432
125 433
136 434
115 435
229 436
19 437
287 438
263 439
236 440
34 441
308 442
125 443
291 444
228 445
166 446
63 447
141 448
255 449
2 450
25 451
58 452
318 453
303 454
357 455
364 456
311 457
6 458
25 459
89 460
54 461
341 462
75 463
93 464
161 465
195 466
319 467
466 468
304 469
107 470
47 471
62 472
38 473
7 474
408 475
77 476
240 477
119 478
293 479
459 480
310 481
187 482
217 483
103 484
100 485
478 486
381 487
191 488
252 489
251 490
79 491
383 492
477 493
1 494
143 495
124 496
293 497
259 498
5 123 457
