1000 21
19 8 4 5 1 13 19 1 1 21 1 17 3 16 4 4 15 3 13 7 1 1 2 15 12 13 12 10 11 3 4 10 1 13 7 3 1 9 19 11 18 4 14 1 7 10 20 8 9 10 15 11 7 4 14 8 1 12 16 4 15 8 19 13 1 10 9 16 6 13 7 15 4 19 13 15 3 8 10 2 18 4 7 19 18 14 5 7 19 12 1 1 7 8 1 1 7 7 14 7 2 15 16 4 12 7 2 4 1 7 9 7 16 19 5 1 7 13 17 8 19 20 1 13 21 6 18 9 13 16 19 19 1 2 1 7 15 10 4 2 16 19 16 1 19 19 20 4 1 13 20 10 2 11 8 1 1 1 11 20 15 1 17 16 19 16 15 10 16 12 1 6 11 19 5 11 1 7 16 5 1 2 19 17 19 1 3 19 20 20 1 10 19 6 14 7 19 1 3 6 11 4 1 19 10 16 9 16 18 8 11 15 8 15 9 16 11 15 16 21 12 3 1 9 20 1 6 17 8 5 12 21 2 1 13 6 7 17 8 10 5 4 8 14 3 1 6 16 10 3 19 1 7 6 4 4 12 1 2 4 16 20 10 16 4 20 15 14 7 4 16 10 2 17 17 1 14 1 1 16 10 16 9 15 3 13 8 16 13 11 17 4 19 19 10 10 6 4 15 10 20 8 6 19 2 19 1 17 13 4 11 17 5 10 9 15 19 5 12 18 1 1 1 12 3 3 21 10 16 8 7 15 1 10 1 11 2 18 9 18 2 4 1 8 12 6 7 4 20 18 17 15 15 3 8 19 4 11 1 5 10 6 21 3 13 15 13 17 2 7 19 11 15 11 16 1 7 4 19 16 18 5 2 19 6 15 7 21 16 18 8 7 12 13 20 17 9 15 1 9 6 16 8 1 4 4 13 6 14 12 3 17 15 19 15 13 14 19 4 10 1 6 16 7 1 5 7 5 12 9 1 1 14 1 13 1 13 10 1 7 10 13 5 18 20 14 16 10 20 16 1 10 1 19 2 7 16 7 1 15 7 1 3 7 13 1 4 4 18 15 21 9 16 21 18 2 10 13 10 1 2 4 1 5 16 8 15 1 13 12 10 12 21 14 15 19 3 10 4 10 15 1 7 7 10 21 21 21 18 7 18 1 9 2 7 19 20 9 1 3 10 4 14 1 1 17 13 15 1 8 13 1 8 7 13 19 9 19 13 1 4 1 13 15 4 19 13 1 21 8 20 14 15 9 1 18 10 13 15 19 7 1 3 13 21 13 20 1 15 16 4 8 18 3 1 3 4 16 3 15 10 2 7 19 4 14 6 1 8 15 8 9 19 16 16 4 7 13 9 16 3 15 1 15 19 11 16 9 1 19 14 1 10 20 15 13 6 17 3 16 13 2 5 1 1 13 16 1 3 10 7 1 21 1 11 21 15 7 19 7 2 1 7 15 1 16 14 5 4 14 16 4 16 7 7 4 18 2 19 15 16 20 1 13 7 12 7 15 19 15 15 7 1 1 1 11 13 17 7 4 2 17 8 4 4 19 13 2 6 19 14 7 7 21 1 1 1 9 15 1 7 2 12 9 18 1 10 20 16 18 4 16 8 5 19 16 19 17 19 10 13 16 18 1 15 3 11 16 1 5 4 1 4 3 1 15 9 1 9 1 2 15 13 1 15 1 3 12 13 9 13 1 2 19 8 15 3 16 19 21 7 21 11 13 20 1 2 7 14 10 20 15 7 19 16 1 8 6 1 15 14 7 4 11 5 10 21 13 21 20 19 4 11 20 8 15 11 19 17 1 7 11 4 1 8 13 2 19 16 10 19 1 15 1 13 1 12 13 6 1 16 6 7 16 1 7 16 19 4 7 1 12 1 1 19 2 10 1 1 16 16 11 17 8 21 16 8 1 14 1 1 15 2 17 4 15 19 16 7 16 5 4 15 10 19 9 16 1 4 21 5 7 15 17 9 8 4 8 18 1 4 1 18 17 1 1 20 18 1 15 5 1 1 7 13 2 13 1 1 14 4 16 11 16 10 18 19 8 11 18 4 19 1 10 20 3 1 19 19 13 21 17 15 7 18 1 3 8 11 4 8 15 15 13 11 15 7 13 5 14 4 14 1 15 9 6 1 3 16 21 6 4 17 3 7 15 19 19 18 19 7 1 4 13 9 2 1 16 16 20 4 18 17 18 13 10 5 13 4 10 18 9 19 1 16 2 10 1 10 10 1 12 18 4 19 4 7 10 9 1
8 2 6 7 9 55 61 78 99
6 3 4 10 16 22 50
4 5 69 103 968
5 11 154 367 489 820
3 8 15 160
2 13 270
6 12 18 20 45 58 95
5 17 56 72 104 130
5 26 57 59 83 305
1 48
4 19 36 37 420
5 14 38 102 122 222
1 200
2 84 458
3 33 67 138
5 28 40 90 191 574
6 29 30 97 182 237 320
2 52 229
8 25 39 47 70 133 330 383 523
7 21 34 71 120 164 708 770
8 27 135 147 287 288 299 772 857
3 23 24 331
3 35 41 795
1 474
4 31 73 94 96
0
3 43 127 602
2 54 82
3 63 469 657
2 32 626
7 87 125 226 259 289 446 536
3 46 198 555
0
0
0
2 66 126
7 51 110 114 225 380 491 598
5 42 44 49 220 927
3 81 115 969
0
3 123 224 497
1 74
3 93 522 580
1 891
0
4 156 202 277 422
1 53
0
8 60 91 141 145 167 193 358 539
1 68
2 291 771
2 109 137
0
1 672
3 62 142 321
3 75 86 106
2 525 837
2 128 278
2 80 124
2 64 105
8 98 112 119 139 280 355 644 691
1 65
2 266 407
2 144 271
2 275 648
1 660
3 173 175 826
3 100 176 540
2 85 89
2 79 107
3 101 401 486
0
3 158 250 268
0
3 76 77 159
3 121 310 730
2 440 549
1 560
6 88 131 192 454 493 507
1 92
3 116 151 728
0
3 150 418 586
0
5 129 203 301 405 845
3 393 916 940
1 249
3 180 773 954
5 108 113 132 572 621
2 143 336
4 111 157 483 811
0
1 412
1 475
3 163 195 819
1 313
2 117 361
0
2 118 302
0
2 140 900
1 183
2 227 700
1 265
2 257 404
4 169 366 703 864
0
2 166 702
2 136 917
2 504 618
5 426 431 459 712 981
3 213 402 909
2 153 245
0
6 172 179 228 232 575 576
3 146 219 269
1 152
1 898
1 149
2 168 362
1 247
3 239 439 494
2 165 807
2 148 284
0
0
1 187
0
3 197 207 477
3 134 505 682
2 184 711
3 438 480 612
2 177 678
2 208 236
3 218 246 463
2 344 937
6 206 255 293 377 424 545
1 952
2 210 484
0
2 352 435
2 273 588
0
0
8 161 162 230 334 369 568 664 975
2 399 450
2 546 619
5 253 335 351 589 604
1 381
2 374 584
4 155 170 395 684
0
3 209 347 813
3 181 188 205
1 185
4 190 238 363 942
5 204 264 317 631 689
2 171 276
1 982
1 319
1 977
0
2 189 263
1 300
4 286 348 569 933
1 178
2 201 627
1 235
4 174 196 311 930
0
2 243 290
1 976
0
2 387 473
6 252 298 350 499 520 988
0
2 260 704
0
6 194 248 509 600 817 894
0
5 216 262 500 725 741
1 316
0
1 908
1 186
1 221
4 199 223 308 753
1 906
4 233 312 333 779
2 307 346
2 215 980
1 831
0
1 296
4 212 389 390 761
2 211 324
2 416 939
0
4 214 242 325 343
0
1 231
0
3 234 240 683
1 620
3 217 953 983
1 755
0
3 423 461 856
1 468
1 879
0
1 368
0
4 274 306 812 866
1 680
2 341 398
3 294 414 488
0
1 734
3 360 373 384
3 456 666 759
0
3 531 747 1000
1 315
3 353 409 754
3 304 376 502
3 411 570 694
2 394 816
2 372 956
2 476 814
1 794
2 241 827
4 251 261 279 517
0
1 345
0
1 314
0
1 392
1 503
2 244 622
3 295 297 698
3 332 378 764
4 254 550 912 996
1 987
0
2 526 558
2 258 616
0
3 256 696 838
1 326
2 283 354
1 887
1 272
2 512 565
3 532 609 878
2 490 884
1 282
3 267 654 740
0
2 285 498
1 910
1 318
1 873
4 349 428 597 877
1 406
1 323
2 410 437
0
1 292
3 281 359 867
4 328 417 630 731
3 309 413 742
1 707
0
0
3 433 853 872
1 329
1 429
3 364 388 403
0
1 718
0
0
2 322 852
2 548 918
4 379 495 639 846
0
2 375 726
1 303
0
2 385 643
2 337 949
1 466
1 448
1 386
2 357 533
0
3 415 527 869
0
6 338 427 441 552 766 859
3 382 396 485
0
0
3 339 706 990
1 327
6 400 487 530 769 810 972
1 596
4 342 365 371 865
0
2 534 750
0
1 538
0
1 662
1 340
1 465
2 515 839
0
0
3 453 729 824
0
1 749
1 579
1 633
1 758
1 809
2 699 934
0
2 432 471
0
1 551
0
0
0
0
3 561 947 993
1 774
2 455 888
0
0
1 590
3 676 890 924
3 370 848 919
0
2 472 658
0
0
3 356 553 585
2 444 650
0
1 961
2 606 705
0
0
1 638
0
1 510
0
0
1 911
1 457
2 642 844
1 397
0
2 430 595
3 421 719 733
2 464 798
0
0
2 451 492
0
1 513
0
1 785
0
1 443
1 391
2 562 667
0
1 661
1 419
2 436 501
0
2 640 695
1 482
2 442 614
2 784 799
0
2 408 623
1 673
1 646
0
0
0
0
1 967
3 653 782 985
1 989
2 478 760
1 721
0
3 727 790 935
0
0
0
1 881
1 582
2 511 541
2 577 896
0
1 923
1 519
1 434
0
1 425
0
0
0
0
1 445
1 591
1 452
1 460
1 842
1 674
0
0
2 462 978
0
2 470 557
0
2 508 829
0
1 447
0
0
1 992
0
1 449
1 528
1 608
2 578 685
0
3 607 641 964
0
2 496 518
1 573
1 587
0
1 516
1 566
0
0
2 514 686
0
1 629
1 467
0
0
0
2 506 529
1 687
0
1 543
1 581
1 659
0
0
1 479
0
1 544
2 601 732
1 635
0
0
0
1 524
1 481
1 611
1 649
0
0
1 652
3 567 822 914
0
0
0
1 883
0
0
1 632
1 999
0
0
1 724
3 592 599 681
0
2 559 671
0
1 547
1 535
0
0
3 669 780 825
1 571
1 752
1 875
1 668
1 617
2 537 563
0
1 521
1 775
0
1 833
0
0
0
0
1 743
0
0
0
0
1 693
1 821
1 556
0
0
0
2 634 736
1 583
1 926
0
1 656
0
0
2 542 647
1 554
1 739
0
1 777
1 564
1 697
0
0
2 594 902
0
1 645
1 815
0
0
0
0
0
1 748
0
2 757 925
0
1 593
0
0
0
1 737
0
1 603
1 767
0
2 744 745
0
0
0
0
0
1 851
0
1 628
0
0
2 701 803
1 610
1 735
0
1 765
0
1 720
0
1 613
0
2 624 843
0
1 665
0
2 946 965
0
1 991
1 921
2 675 957
0
4 605 625 655 797
0
1 615
0
2 709 796
0
2 651 793
0
0
0
1 959
1 663
0
0
0
1 756
0
0
2 823 889
0
0
2 738 904
0
0
0
0
2 636 670
0
2 679 688
0
0
0
0
2 637 715
0
1 710
0
2 716 994
0
0
0
0
4 746 834 922 960
0
0
1 723
0
0
0
0
1 830
0
3 677 973 986
1 690
1 861
1 860
0
0
0
0
2 751 893
0
1 791
0
1 762
0
1 901
0
0
0
1 717
0
1 945
0
0
0
0
2 882 941
0
2 850 895
0
0
0
0
0
1 692
1 714
0
0
0
0
0
1 871
0
0
1 868
1 958
0
1 979
0
1 713
1 880
0
0
2 722 855
0
1 863
0
2 776 936
0
0
1 840
1 836
0
0
0
1 907
1 805
0
1 828
0
0
0
1 788
1 763
0
2 847 997
0
0
0
1 800
0
1 913
1 802
0
0
0
1 951
0
1 808
0
0
1 768
0
0
1 786
1 874
0
0
1 778
2 835 931
1 938
0
0
0
1 903
0
0
0
1 792
0
0
0
0
2 783 804
0
1 841
0
1 781
0
0
0
0
0
1 789
0
0
0
1 984
0
0
0
0
1 787
1 897
0
1 876
0
0
0
0
1 929
0
2 801 862
0
0
0
0
1 806
0
1 920
1 892
0
0
0
1 832
0
0
0
0
0
0
2 818 915
1 948
0
1 886
0
0
1 971
0
0
1 928
0
0
1 963
0
1 854
0
0
0
0
1 870
0
1 858
0
0
0
0
0
0
0
0
1 849
1 905
0
0
0
0
0
0
0
0
0
0
0
0
0
0
0
0
1 966
0
0
0
0
0
0
0
0
0
1 955
0
0
1 962
1 885
0
0
0
0
0
0
0
1 943
0
0
0
0
0
0
0
0
1 932
0
0
1 974
0
1 899
0
0
0
0
0
0
0
0
0
0
0
0
0
0
0
0
0
0
0
1 970
0
0
0
0
1 944
0
0
0
0
0
0
0
0
0
0
0
0
0
0
0
1 950
1 995
0
0
0
0
0
0
0
0
0
0
0
0
0
0
0
0
0
0
0
0
0
0
0
0
0
0
0
0
0
0
0
0
0
0
0
0
0
0
0
0
0
0
0
0
0
0
0
0
0
1 998
0
0
0
0
0
0
0
0
0
0
0
