200
26 185 155
135 88 27
199 125 113
195 74 166
51 183 121
136 98 168
158 147 145
188 68 56
40 75 198
103 91 113
170 190 142
124 42 69
55 66 97
159 41 144
166 78 184
111 136 176
117 122 139
144 57 152
177 60 81
109 58 134
186 23 144
99 83 110
115 3 89
196 121 116
51 179 115
93 192 39
129 125 17
184 180 83
199 2 200
31 143 42
126 161 172
73 6 191
158 149 12
92 69 49
28 74 138
165 51 87
158 14 9
28 124 116
74 170 30
14 32 38
167 157 40
47 111 182
39 152 65
14 66 146
96 162 183
133 147 10
111 87 183
10 54 68
186 164 12
164 49 71
188 88 161
147 178 121
156 88 97
59 59 139
121 194 164
20 107 79
80 36 82
134 60 150
26 40 130
184 16 19
157 141 84
26 44 40
6 26 118
66 119 25
85 71 104
18 98 196
32 15 13
74 69 60
97 44 62
57 140 21
35 10 50
21 98 40
75 56 54
123 93 73
38 45 97
21 189 182
27 123 116
118 53 149
119 171 87
139 20 47
5 103 59
14 174 192
188 64 136
193 112 123
186 4 157
96 124 195
166 61 179
60 8 43
37 193 153
14 110 56
96 8 130
73 28 84
64 165 173
172 148 153
56 34 54
93 27 94
143 174 21
121 1 4
124 157 169
42 152 6
188 169 139
129 105 13
32 100 21
120 146 175
108 106 8
169 5 140
62 195 76
58 186 127
169 165 75
139 174 127
150 90 80
162 34 64
136 132 48
140 135 82
190 21 85
71 147 181
108 91 36
131 40 117
29 103 60
124 94 143
92 2 151
68 191 54
172 63 51
139 6 183
186 18 195
198 184 31
93 178 170
115 68 94
116 83 139
192 7 170
135 130 184
46 157 90
8 180 102
170 20 60
130 31 158
152 136 123
10 188 77
122 8 198
7 172 124
84 179 6
16 175 146
20 135 67
27 180 138
16 8 129
170 195 58
199 181 69
157 70 56
83 115 143
11 45 93
85 141 154
116 37 113
141 166 37
84 167 109
170 134 158
197 4 52
183 175 4
65 76 189
103 151 162
4 153 180
11 193 9
37 54 195
49 62 117
11 56 49
22 114 19
75 103 159
29 117 136
200 67 23
116 164 92
29 101 197
109 6 40
114 136 152
147 7 107
18 67 105
1 103 86
79 106 5
148 158 64
90 92 162
182 80 138
174 35 1
23 95 41
125 34 153
155 35 56
156 113 176
149 56 139
84 144 155
70 148 163
36 128 44
116 144 163
183 147 163
57 194 8
78 15 130
29 146 183
152 167 117
74 86 93
109 199 124
160 24 8
54 88 127
10 67 35
155 104 16
12 191 50
