100 100
3 28 34 50 2 31 11 23 21 5 13 24 20 39 12 8 46 37 49 6 43 19 42 33 17 4 45 40 47 18 15 35 38 44 7 26 30 9 14 32 25 22 29 1 10 16 36 41 48 27 88 66 59 94 95 99 69 81 79 90 60 86 76 61 85 56 54 82 63 80 75 83 64 97 72 71 52 87 100 55 84 78 62 68 77 89 93 92 58 96 73 91 53 67 65 51 57 74 70 98
1 64 81
0 23 85
0 51 92
1 36 61
1 13 28
0 40 82
1 1 100
1 26 34
1 2 13
0 38 47
0 4 24
0 72 95
0 10 96
1 23 41
0 29 70
1 1 76
1 23 76
0 16 43
1 66 74
1 15 100
1 15 44
1 71 91
0 20 67
0 41 99
1 6 15
1 13 16
0 90 100
0 1 95
0 32 34
1 4 68
1 38 57
1 16 56
0 78 92
0 6 57
1 57 99
0 37 62
0 29 50
1 48 90
1 28 40
0 3 80
0 72 94
1 34 94
1 30 85
1 22 64
0 52 72
0 76 92
0 25 86
0 1 16
0 12 26
1 15 52
1 30 36
0 27 86
0 8 51
1 62 69
1 4 38
1 34 95
0 51 79
1 8 25
1 49 75
1 53 58
1 1 11
1 6 49
0 11 30
0 20 73
0 85 96
1 40 79
0 82 98
0 6 85
1 75 93
0 23 42
1 52 98
1 11 74
0 10 58
0 15 69
1 21 88
1 68 74
0 3 15
0 27 79
0 74 88
0 40 99
0 4 30
0 37 49
0 42 62
1 92 94
1 30 65
1 12 18
1 75 100
0 38 97
0 43 88
0 56 83
0 69 73
1 45 87
0 26 36
1 47 81
1 33 39
0 19 27
1 51 60
1 11 71
1 36 95
0 10 92
17
