584892008
908547518
959933079
810160477
455245148
508396273
873247556
797405001
612156080
607126361
459016665
642871003
361746278
242139049
328019528
327542094
474398401
962563385
959860760
595831248
149047442
8203400
707729188
143120937
383525996
880628455
122761112
350452668
155175164
162660912
568528862
132986358
940149313
306775289
730230856
397026867
916789197
51993152
94361026
503927001
271192212
917459846
704578373
489535379
893508633
526500660
764635469
215096381
496007486
32690529
119798996
800472560
136400314
622765161
488889759
650452679
124604903
400515625
148141184
948302227
457751426
303295988
170727374
485879445
480288322
997362542
759623117
436447927
306488289
647531425
903488197
442661558
83814623
435390005
61624907
191853646
404130085
619347010
342604744
651948250
348651032
728535184
104447532
688077736
500526460
933901689
128215752
727406517
711317538
58730075
433270291
887545949
224095465
251297898
131449657
204331916
80775048
32324284
966608975
243045101
134372404
293666643
930566976
312389378
418340334
444219533
217167598
986570955
430068024
205881093
393790569
809068015
49790132
869836033
367939804
254467354
876213327
346579548
989345150
468523193
280678835
444413626
274982233
766526670
368794902
7061307
230617862
365283579
255155255
934476113
143759630
385499507
143736434
941288149
343300223
180501914
910080024
24273250
408867893
883965187
262727417
892621576
826216622
278006202
957296820
564755794
515410732
345808614
797372195
310139005
602159231
288226405
662494189
109898290
27015134
840090665
413286092
860977764
688746383
623129732
249580667
239121636
409965229
335701651
234595078
797262028
531123690
304040907
312360776
247332575
200089922
170583259
905473703
52447663
474759910
812705046
90496926
817494563
362898828
478458154
704270671
818715141
104957099
436919343
307896392
105891900
780282013
674363550
608692179
579354701
833249084
308855354
358189125
571619848
98951739
429944620
595821552
575037140
692261853
564634552
530023946
616080120
90023763
983911633
32690037
15983861
860987276
153196227
123123630
934634338
727513817
585296647
836803393
856822082
349677833
982362687
236706652
405144461
128620814
148214999
202562408
742173339
851560136
299935911
644830140
399377076
922293278
766448374
78055523
392002681
249888864
180130414
601407461
985401818
253108326
260358100
697579995
426397805
462780858
580157337
185535453
634793536
286489296
41073596
69544003
976679005
335425417
640597354
116042850
765114013
840205730
824052298
582012892
378435487
941727714
816649141
176384107
96389113
507519406
558180579
31386067
442379002
4525464
918778822
138250763
679936169
635896613
41095638
63243296
625223163
193808124
527986628
995549464
532096415
363472109
564307177
407483324
582469583
800144475
466
108783916
643219639
616550056
145560938
309663278
73770616
18273776
192085789
415477175
192103191
17512179
732929229
689565542
962012106
292914103
623164857
731898112
988946579
563499001
794886019
563746445
975853774
656117902
393601611
633320968
279586927
928132040
437908315
912049949
460927451
316965008
245218993
497323668
127841364
60278247
649815824
237834762
165324913
131156660
992358148
125327074
888979689
374913079
185047430
581994301
538685310
764950920
517094149
240703019
472003321
696869588
456155926
529482733
634685262
462421923
311097997
274544598
772642830
157142936
43795746
491405891
502089601
648737301
334843154
296892003
143051182
143206848
533242300
270022365
901665290
991537489
729874878
433315225
592628037
458521319
819028750
396536593
158143690
885842774
926535066
756958228
427460922
825950367
401547246
436589925
94258593
655340762
130966934
484577541
548979371
55299338
613228798
674876850
892373975
911101014
207070514
897950512
725575557
101081075
745778486
534293579
204774314
686072873
87439582
366595143
679182842
133225847
161066875
512633177
929314711
291587270
86715419
331147669
685373516
320715996
878966754
389663917
556019651
760098393
662290480
203032536
251014241
468948283
333071827
80769882
273272220
815317345
583752462
334762228
703644729
702810853
93899522
628168393
194724018
992441848
834107080
607496227
181125466
507260637
268431773
473980122
828106866
42
531657607
791308759
754007627
693680827
640346280
243304917
97982350
189092442
566515007
372077511
975457576
365408369
854054121
274395560
650182624
958606256
864329730
37105915
51934136
992946842
745973246
800656397
618935015
140726578
375778176
913269010
314023755
992855884
66627430
692486297
589401546
762511418
716740930
582008875
713715742
362449139
627746358
585455238
853342354
522582013
81287764
878307816
154930523
441672154
219163585
275471575
997743704
937157577
522441702
937389436
182183237
162600719
84126403
127969426
169549240
658094190
852195658
329355623
42822318
583611535
227173653
330099848
233814137
698897916
202679108
306561550
728385191
879660001
915253063
512781104
593224233
339007592
771858423
556410787
603255309
40147080
56499870
672821361
224999493
959684689
72566072
341051721
414672631
708643574
193511174
752384477
79093769
466806149
762450398
397480181
194890248
718180332
539211383
53272524
