645102096 1000
57351 51634
42033 25804
46696 22961
53304 12662
59708 41981
21819 19163
35516 33702
49059 15273
29657 27522
2436 35
30045 15109
70249 25358
30256 9408
25293 2628
16153 13384
2570 2126
5584 1566
76038 64416
58571 19854
96942 95460
46379 45533
21266 12252
39640 23899
68020 66461
29088 1287
35916 20959
75711 8214
30343 6440
13724 3713
22794 18759
51498 32744
52437 20449
19025 8312
42068 623
57818 56095
28579 23978
90475 77970
2445 71
36523 27310
15764 9988
57274 17083
57448 11122
74199 20192
71658 59128
59780 46666
66857 37471
52521 33422
84714 18498
47770 41245
81846 68060
98496 48404
26139 25123
76624 45459
68143 1659
15402 6902
11463 6917
68292 19178
22015 21051
73055 31465
63119 29796
4477 128
60467 33411
65622 20427
61249 18393
4667 2020
35334 5670
69874 19973
41190 35003
6409 5843
92349 73462
9593 998
10841 6327
5428 5015
53081 48315
59233 54432
27671 4262
62528 51774
53413 198
66023 39591
57895 9218
57759 34989
22909 3195
71054 22845
90483 65556
89785 86860
15628 4552
19349 14371
9968 4770
8381 7499
3260 2887
95601 55042
47676 40839
35422 23201
18983 10606
32105 17717
4840 4224
86460 60791
33849 865
8202 5654
51331 27707
56220 9460
30070 9724
42484 22590
16698 4818
35791 31047
18479 11104
83595 48079
38577 26059
99949 46810
53167 11014
50791 46520
38270 23632
2110 2078
94767 61512
29155 450
24651 4196
45761 8277
93649 40245
43815 36684
39110 18808
46659 41681
43702 34267
72800 18918
81975 38598
56192 39236
4804 3773
25855 23875
44235 15673
31546 8590
54629 49394
17804 9847
78782 9751
66706 46902
68162 9772
99131 47576
22832 13201
97565 46224
8748 8665
65166 32495
59468 17604
58571 40872
44693 22360
7347 1881
28743 13438
60635 27764
32300 6541
79004 68092
58357 35074
99865 40048
88936 60838
66496 26979
77491 6970
94654 88175
67132 40227
9668 1845
13882 13819
7224 6228
69017 47538
80209 36800
69818 61727
97484 2053
19284 9353
29552 15980
38551 27057
36866 21327
44766 42321
55607 31218
128 33
24850 18733
42786 12995
10212 9754
35461 33109
47948 18243
48361 31331
34942 33195
85354 23456
53001 43676
8914 7295
14984 650
44674 1600
91304 73963
71565 40021
44403 4597
13525 9785
71658 25652
36475 10370
62035 14120
32011 596
92766 16716
54493 9196
31255 28415
76486 14338
60838 57892
83161 55022
49218 25973
60377 49486
49981 33664
3786 735
36339 33871
96341 89109
6326 3622
22572 873
21104 2913
94697 26140
34956 22621
74282 36164
21742 20948
66820 9232
52520 45970
91107 71930
10521 6326
58613 28810
99778 69036
87590 25265
96062 81366
76819 33500
33099 4491
87101 62643
53974 35176
777 4
80046 48524
87846 34835
58531 20870
17073 13980
37351 34724
29142 4980
76016 32534
57431 5866
82858 34692
44615 6240
61657 46632
14012 9386
37177 15056
81664 35762
31969 4694
12786 8058
90205 14032
46507 20121
71650 3943
76141 45500
4464 4205
5931 1404
42095 10034
88978 77189
24736 13442
36578 20494
87732 22935
13855 3406
84408 81835
32414 30424
94313 73996
61096 15275
62185 38102
65960 22608
87536 70646
75541 64293
80088 70112
88833 15979
44835 13504
63489 15883
44110 9914
88669 31834
67009 22444
89456 42541
14396 8428
499 61
99775 7260
25932 25869
85552 28943
12147 5468
66697 13067
65089 19186
69161 40923
68969 10608
64439 60138
32624 20151
48877 38729
89447 64943
40170 13057
9 6
17126 5184
79627 57493
78456 5638
95213 87830
30156 21431
37097 20980
11402 6107
43640 33334
88813 52187
27264 1504
77772 73795
10857 10787
97533 13927
58888 56554
79209 2837
8621 7043
75758 1829
45941 18712
10161 218
18223 2077
64867 31644
53523 46601
90210 74050
73185 70112
42477 15987
81332 77213
93041 9114
63250 3177
92495 74331
60982 41449
97388 16900
17095 7794
74204 61698
43713 1349
20543 15312
57387 52006
33608 7499
78032 40062
24426 21143
51898 27180
68018 3939
3504 1526
41773 3632
84337 50612
21597 14279
55028 41293
47627 38871
8484 98
51512 42428
55253 8047
30485 4476
90169 13395
56254 35316
20616 15333
35770 32602
80287 34412
22097 7229
97551 47342
83250 78782
14490 9541
76264 10383
40185 15005
41642 1277
94779 77846
33571 22812
97913 69351
95376 80647
44502 2291
72636 44828
48663 33806
53985 48296
44899 23534
29094 1647
56305 55756
57043 56539
17191 6764
56666 40751
89903 60660
38751 20938
24166 24076
51066 4578
69083 65726
42865 12082
14425 13849
11408 1927
56612 43386
8390 292
74180 54332
60313 1465
66180 64905
17632 15122
99721 40520
73453 49586
88958 84511
90659 26616
33582 15698
67907 31434
20872 15749
32604 24257
58978 3402
14737 13300
25758 11046
33453 25724
93316 48940
46775 32496
60180 35299
75572 66253
55058 23760
65877 50150
10285 6766
89845 46808
30966 11947
46534 3273
17581 5864
3487 3312
39502 2311
24854 20022
90407 41428
97902 23971
1131 369
75924 64961
25437 5850
37564 26420
16874 941
57215 34327
76330 37679
87379 27256
37517 25835
75486 39555
45755 11897
48010 47478
46253 43623
66870 63916
63877 39041
53088 43427
25802 13248
42671 6439
96860 1959
48086 40203
28 24
73598 17033
68714 31107
6 3
27595 5208
77682 49046
3521 2476
58608 26331
31261 19769
19139 8018
6604 3189
76498 11347
33943 16425
99998 39247
32108 18178
60890 35578
69738 20940
24847 6213
28169 13764
61036 31347
33050 10668
29115 19484
80763 18379
19050 6934
45906 33459
23515 2410
43120 9452
1269 1153
68239 35267
7867 5375
49351 40981
48836 40976
35949 16134
73895 50174
14890 2011
19883 19792
6354 4120
864 807
69425 26261
15493 4438
90808 44819
84194 68604
88078 20770
10992 9095
86730 58741
73016 1844
20320 18891
87876 7147
11889 6683
36740 20972
29406 6084
7423 6608
38325 10854
39229 38762
60907 43943
39434 7340
26435 11617
85644 81570
9092 5453
3534 2180
48200 29080
64609 19923
31108 24810
57494 18802
46960 24850
2480 570
83561 23215
12127 894
34543 3356
62341 51144
38783 6991
63518 20218
41756 30356
12436 8994
94855 81123
79376 16489
25226 3744
44281 4410
29174 1625
15683 15354
12362 954
52500 22883
44418 17210
50514 19664
48688 25949
7116 2619
47334 10126
69042 51240
52501 41885
72644 55966
30154 22887
6764 6075
28709 5515
28066 4419
69173 61625
34017 29727
94616 59573
10162 1441
83849 80226
50700 17351
89883 84965
20008 15266
61155 48643
59013 58290
3234 2037
93717 36634
29 1
88768 88521
67879 28666
2973 1258
93287 9702
34939 22415
56211 44621
59641 22888
22130 9578
88949 79865
863 126
81935 11954
30713 18008
92027 74539
88957 66980
67335 28042
2577 2023
50428 14308
5641 5309
23860 8551
23095 7511
35887 30523
20253 19032
35719 24895
38574 31569
87100 16948
49979 41856
17808 1148
26336 20719
30991 18398
28283 4378
20632 9431
87133 52237
34021 22138
57166 5510
40758 38196
33033 21605
75921 32520
88525 87338
28373 26648
52661 18217
99241 95150
861 193
16036 13713
43236 16320
58844 11121
61705 37138
35084 8943
83241 30081
74316 20658
43338 13039
37022 11828
91719 26015
62361 5785
57287 42254
40049 36201
38912 23443
45293 6727
72692 65359
83323 36236
24709 5007
20152 15201
54348 22837
67957 46157
40693 12386
94349 79031
57348 4911
60403 7988
93370 8357
62017 7446
46203 3402
93311 88955
74060 50473
41240 8186
16286 15328
79033 19378
99435 17041
60115 57883
87125 85432
91373 37056
70346 20702
11849 10047
49798 45717
9467 1348
27721 5066
10178 2312
22606 13650
91743 49242
58446 23474
59771 58724
90251 68200
48432 33434
70693 39083
43470 12351
36620 8713
85636 14133
53270 11463
67365 6586
86090 32333
78940 75707
81020 9853
36791 3986
8960 3403
293 176
94221 13664
74843 39209
31572 5130
90512 72335
48175 38942
60083 17139
17882 9512
40817 5198
75908 62201
6924 950
1367 608
8513 7752
7687 3640
2366 770
90190 21576
16758 14100
11779 413
85237 40719
47581 41445
45616 41234
58787 29391
13255 2909
84122 33262
80525 11107
78607 20649
54733 23151
6018 5602
11419 8985
41255 34961
30353 27218
65501 778
32210 13298
71417 57695
20632 19759
42252 34407
31106 26739
4652 136
10413 7254
14786 3695
81509 70965
94740 70955
22424 21183
15842 6262
14463 8201
63981 21189
4895 1962
40985 20345
6762 3041
3608 152
47753 46954
9995 4059
63252 61863
39573 37969
19773 8177
80955 7819
80456 23408
53878 27762
92805 86150
53076 39513
59521 2985
1142 731
46539 28427
50578 10937
70881 23715
13400 178
16399 3795
97494 61098
54394 19499
86020 61738
24130 16805
91803 44558
75375 3537
23819 17553
48105 21376
24506 9881
10305 4176
21099 14345
84127 27422
42851 19884
42217 4079
89995 23132
79647 38817
87324 18516
57260 48277
24561 14892
56672 6342
2328 2012
94749 52750
32933 19680
35748 6689
83185 37109
15791 540
19250 2983
92314 75926
87630 18020
18353 4177
25852 14070
97818 69831
64745 29646
2872 176
52820 45419
22023 685
24297 20483
30353 16576
75979 36781
47373 8510
28506 27792
79801 65347
79434 41015
9858 1621
22999 15563
61042 27279
75267 18028
78379 45793
46643 35127
45672 30658
73500 29056
87316 36553
820 625
87731 48016
122 94
52316 3692
14620 2488
92738 66456
20585 7514
93823 19808
79864 33257
25139 10511
46429 7860
11496 824
17473 6812
25240 21712
24864 17863
88771 14488
62930 690
35188 20598
27959 2465
24385 12008
35974 9175
85690 8581
52424 39838
16495 7248
67082 25119
3771 3280
77856 32807
39288 17088
72436 61751
2656 2097
9789 807
55689 17111
84282 22188
84827 12114
94734 52720
3878 2508
59040 56537
3620 2648
85434 34403
76456 17147
94454 16648
98732 47573
95496 6789
83993 40038
35253 32143
97937 88714
94428 44438
66817 23631
77207 21661
40009 14902
93562 35200
2651 1594
66159 59903
96771 81381
59091 19823
20462 14278
53455 12570
42209 26583
89919 16634
49588 624
45555 20709
19271 11399
33855 5513
67750 9145
70438 8591
83004 82727
84350 5169
49306 23501
24631 23429
18455 12658
35657 4741
53620 51176
90816 67615
70768 5454
71087 63380
54964 31072
585 568
89330 83741
93029 5620
61854 23372
81192 51188
43819 6354
63218 35534
32404 27036
71907 44168
4276 485
22481 13924
13028 6205
86430 16069
26737 23407
53208 30040
74160 26115
72289 11022
4585 1074
36922 1974
28785 24176
27651 6012
16361 4869
98434 9427
11423 7621
32329 21689
94257 73093
73595 18477
84460 17540
40138 15272
33895 2274
9251 7243
47140 40046
4249 3327
63211 4271
34517 13286
91990 14924
97305 30423
69390 16069
89820 64957
98784 2897
96512 53487
93313 43465
33030 7895
62837 18242
5323 1656
66515 13018
37491 27259
28818 23876
14436 845
99263 95322
378 308
27474 16035
15956 7936
42478 40371
94029 71772
60631 18925
50655 38648
9705 1225
64421 17262
73206 20378
1978 666
17022 15598
2432 2005
81209 29358
54222 36965
65822 21367
88078 6988
84987 70218
22865 15233
42515 17883
85079 35706
56492 19257
73442 48492
52124 5341
71443 35338
40312 6094
81403 78739
29242 796
19528 2426
17055 12438
7276 5546
44703 27258
8879 3562
15740 2036
89860 54629
97695 82875
94106 48582
59730 20165
36737 228
38117 26387
53536 37665
14306 4356
52116 6530
35126 34005
54000 1853
61747 29768
67763 56054
72982 48378
68844 34535
41091 26144
96035 62290
82700 26175
9326 5045
90394 38246
70636 8239
86949 82822
23293 2545
75463 9833
61156 45242
47054 43192
95474 62426
92785 74586
31603 28344
56232 1411
3547 2095
8208 790
52462 27891
6075 904
66042 38634
40556 30920
24981 23151
77202 22013
61465 55483
40036 33281
79606 34999
37778 20360
28595 10096
38318 5073
45388 12145
93349 27735
8226 4203
64869 12760
25169 2694
55181 18253
67414 26812
27889 19188
39595 23807
73374 43435
74108 30885
23681 7290
16852 4562
45147 40547
41080 14147
21997 10288
10720 7344
68107 52863
49608 14383
12339 3098
20272 12540
65989 10527
63258 48674
12787 1813
31674 14936
36617 9681
99572 70559
75849 62126
70814 56711
78224 32719
20814 3708
31066 2948
48272 1715
66833 21973
32149 30023
89011 68314
46693 28862
56461 33703
81583 55120
45508 28744
71761 19003
35393 21647
75128 36721
20462 8981
32239 23038
74189 1055
31611 19703
17291 7668
4429 2347
