10
424116502349891328 1 25249 208869240276424741 1 0
956574447375542400 77 28225 517311672799482147 99986 92184
579595917233236992 85 23265 416867197628860429 99962 3222
15872034106408960 41 5953 613911415364323863 99963 45204
364837241695099008 77 57857 384109942395844007 99945 34605
93643674484043264 65 45569 57060278642147339 99953 16717
76998247019588608 81 53113 107220781407043589 99992 68104
707209904565137792 65 66105 943470721003440139 99922 21326
75627333985193984 29 65473 753758970126282757 99915 63554
414477041471216608 73 62177 221841076858273807 99995 53297
