300 1000 1000
961 867 3
961 868 1
961 189 1
961 68 3
961 140 2
29 140 1
961 218 3
961 217 1
961 3 1
70 140 1
961 135 2
961 7 3
103 135 3
29 33 1
163 140 1
960 868 2
961 181 1
247 140 1
961 69 2
247 215 3
29 213 3
29 55 1
163 290 3
131 140 1
29 186 3
70 75 3
961 133 1
29 68 3
163 22 1
29 279 3
960 6 1
45 868 3
265 868 3
29 185 3
290 69 3
29 86 3
30 185 3
961 866 3
248 868 3
961 70 1
29 230 2
960 138 3
962 865 1
962 867 2
131 19 3
246 215 3
28 186 3
106 135 2
29 77 1
29 161 3
29 184 2
91 69 3
960 205 1
248 214 2
163 203 3
131 100 3
264 867 2
70 80 3
30 214 1
960 218 1
290 70 2
29 4 3
69 75 1
961 86 3
247 94 1
20 135 3
163 202 3
131 135 1
960 865 3
31 186 3
962 87 1
962 138 3
960 97 3
265 869 3
962 196 3
266 869 1
959 139 1
961 139 1
30 280 3
960 143 2
280 69 3
961 8 2
28 4 1
962 219 3
961 220 3
247 212 2
265 867 2
247 81 2
28 184 3
29 187 3
28 187 3
71 74 3
245 214 3
962 7 1
71 81 3
30 5 2
28 15 3
960 864 2
227 230 3
164 203 1
30 186 3
135 214 3
46 867 3
70 274 1
959 55 1
163 204 2
72 74 1
27 186 3
959 26 1
264 870 3
29 278 3
961 138 2
28 99 3
960 866 3
959 130 3
28 183 1
69 79 2
228 5 1
960 219 3
30 184 2
266 214 1
962 143 3
246 214 1
29 15 3
962 125 1
101 138 2
960 68 1
28 185 3
960 67 3
69 81 1
960 867 3
46 868 3
961 180 3
163 131 3
28 188 3
959 868 3
228 255 2
246 216 3
32 187 2
228 244 2
28 214 3
69 74 3
72 35 1
275 244 3
90 69 3
7 138 3
961 186 2
246 213 3
257 184 1
962 197 3
6 139 3
29 280 1
266 867 2
77 867 1
70 238 3
289 81 3
30 187 2
29 3 1
960 139 2
47 186 1
67 864 1
959 258 3
257 214 3
104 136 3
104 137 3
70 73 3
27 187 3
959 244 1
960 164 1
163 259 2
273 187 3
266 261 3
163 154 3
27 189 3
32 186 3
163 192 2
179 81 1
28 297 3
27 185 1
963 142 3
177 184 3
28 22 2
26 190 1
960 227 2
960 179 2
221 135 3
162 289 1
961 201 3
961 221 3
28 16 2
958 258 3
29 38 3
221 134 2
56 244 3
962 218 1
256 213 2
27 184 3
29 81 3
962 866 3
103 138 3
9 22 3
246 95 2
266 289 1
960 201 3
28 81 2
29 247 3
110 212 1
45 81 2
290 80 3
264 868 1
11 187 1
163 43 3
27 215 2
265 870 1
33 187 3
102 137 2
959 282 3
293 135 3
128 204 1
72 206 2
151 206 3
961 76 3
51 215 3
110 219 3
961 252 3
103 136 3
69 50 2
29 82 3
961 38 3
29 20 3
292 135 2
26 189 3
254 227 2
210 134 3
70 60 2
289 82 3
228 257 3
962 868 3
102 135 1
961 219 2
963 867 3
29 233 3
961 113 2
960 208 3
69 260 3
7 139 3
70 237 3
190 81 2
299 184 1
131 255 3
959 867 1
71 79 1
26 187 3
962 181 3
262 5 3
28 212 1
959 257 1
290 867 1
102 147 3
29 234 1
962 220 3
27 213 2
247 197 3
266 115 2
961 182 1
29 99 2
267 261 3
28 67 1
164 202 3
960 76 1
161 140 3
959 218 3
103 137 3
178 185 3
263 6 1
960 161 1
245 213 1
263 871 1
28 14 3
29 288 3
960 259 3
182 79 1
164 22 2
64 179 3
266 50 1
961 235 2
63 179 3
23 867 3
72 106 3
160 140 3
27 13 2
28 119 3
960 9 3
29 286 3
162 202 1
136 214 2
212 204 2
962 114 3
70 72 2
163 279 3
