50 5
13 45 45 45 15 14 45 26 15 14 13 9 26 47 9 43 43 47 47 9 47 47 9 43 14 13 14 14 13 47 13 15 26 47 26 45 13 15 45 14 14 13 9 47 26 15 15 15 43 26 
1 2 122797937
2 3 552043269
1 4 754573961
2 5 202695525
5 6 381114081
5 7 558407961
6 8 105084591
3 9 914282081
9 10 67935273
10 11 999036737
4 12 -38316612
12 13 25133905
5 14 661567425
2 15 100895921
1 16 616758491
6 17 178594448
4 18 993795049
8 19 656232601
8 20 517429081
17 21 520169505
4 22 407551821
19 23 401574465
18 24 429495185
14 25 74353217
11 26 682839046
9 27 81066023
12 28 61494497
12 29 528421441
16 30 110664101
19 31 938932045
6 32 497487281
15 33 480821849
9 34 465293769
22 35 164261351
22 36 335812811
19 37 570834731
28 38 650021757
11 39 975745121
30 40 237324653
39 41 674058981
12 42 317760173
6 43 707077451
19 44 566880297
1 45 649876095
29 46 760876961
41 47 209375797
11 48 359229341
41 49 94406761
29 50 667775681
