2115
67536679 171793455
33379440 123092147
6627298 221249102
44453980 127084246
29916694 209509452
102971209 232855569
21150045 177670232
72456278 168434460
50760702 174448340
113456146 205517733
83447340 163750232
10448307 200993292
55449732 213246062
93333535 161618470
110561361 168383956
84314789 202474171
28673738 174138557
76361923 233050120
28539089 146485136
21726816 140294782
23702195 151157927
87266001 213848961
56188780 161773266
115468950 165480361
2527331 215020690
44725851 157015044
70147432 237839902
72134138 207384082
33566011 224893025
74747638 148490888
6658118 206117881
48214272 120303118
106105184 149974010
81678260 143655553
66842826 120703977
101756890 185781426
1028787 209840898
10461095 174997348
45036150 194844979
101878652 235445586
30987609 180215518
51542372 132141543
91801103 237132059
26889688 121140739
114204533 156130419
48579132 145848189
34200982 211775654
23128609 163035228
25234152 232947110
67691076 182345501
59356238 204067930
71019467 210386032
79355734 150114652
2551693 221643323
111505147 196671804
30728137 165040405
35293667 176670138
115560235 135379276
85167328 129057999
80702988 128187168
95846385 198723109
97788017 171536709
25822784 182325338
76091146 164252325
75866787 188139714
1032242 211822556
54716893 217060066
20196851 119802234
23835420 213129398
94441921 204539589
112918907 230329579
24574204 145559988
104155583 195443429
114438641 221664437
33335260 135085563
18889880 138467048
60704496 198776694
107811029 157523745
54145413 220796822
84503545 181522026
84377489 159646797
60691840 205806014
68965175 146402369
33635922 171276304
97991045 193475790
61112068 210383298
108789685 192158786
43053591 127788910
103206383 172304032
108472118 192125217
56035779 122013982
65789434 197223258
47248754 239698150
25292135 223071056
73217956 196323801
102307310 141457321
49753329 153582343
91484012 158645444
84381211 188045304
93330727 154074928
61743760 204833254
118384534 140936242
78458922 226448833
9834840 178964612
80622513 153401322
45473337 134649488
113355413 165909496
84234227 236357561
34095670 182511990
8193896 209466130
46752095 208704418
97513835 189881124
37575748 155353136
32041398 148019757
115579850 171835910
66383924 221201948
50907838 125804413
21438902 129282134
54844442 233999910
107499136 135685812
34615109 122760322
40102459 209969923
80067922 130108937
105428866 146585858
31467262 170204517
70922008 202062823
37254772 161001268
28094638 178606811
50194187 185300937
53680032 133165369
44920132 195788074
5450934 237632915
98088718 170356500
24716582 176525037
47253189 179761203
5332046 224857280
39988525 158555179
37870524 127160120
59570873 122109266
42612520 135012279
41411656 174863283
4364535 126121104
50384292 239603980
59316472 132614604
87665475 152028496
60472872 132012904
85870921 143194087
56628976 135098517
17134594 171037417
17307044 121639223
28399786 145301799
38430788 237568743
106456871 128658530
39942780 224773169
116371915 215067090
28451685 135497751
31441045 201443232
106795076 229733388
97030639 137739308
10613897 175038905
1947503 209097864
102028239 215909371
85286168 197308858
26799456 232559459
54610520 230276670
119159920 157245621
31899594 188901314
28112608 188344873
98264756 123733801
64667962 157844206
69250632 156983817
105809209 167133410
1798372 210807596
70175424 125823003
112095572 193790163
65269408 162638305
51948749 129179950
85502613 124712945
110993458 204999781
115353800 146245820
4404497 119804178
114953164 207224933
92303397 216460485
47861666 180049671
79700435 236696319
42895800 224034797
27021487 167720503
49510756 122573272
74342007 164736984
32674987 139365437
12654932 149125249
32342398 184886788
70079774 214296579
1339258 189914058
56412503 207741991
63558118 214705568
11523117 154153766
7182582 171154761
88096890 147796334
116232972 151914368
64556038 163290148
115905652 175336432
30330177 165145245
60504997 221525306
111786828 132626787
24919173 127037299
9338991 181137142
94654499 223921891
27656290 215840008
80401341 164108358
28119430 225011072
88877498 193076879
34978475 126975736
37449391 224364129
66646539 223994431
40835868 219610004
2438091 201937816
100684334 137968054
20226238 198455481
113124029 141636743
82598627 171781709
100067405 164415995
50888805 141686067
36752655 217194236
14215064 185471612
52618655 231412838
3851137 123013616
78603398 156074825
13409484 166942218
17098487 233716459
62540438 183477816
12972308 148074691
2108835 188669148
86667752 223347967
64326566 169244621
39167852 168125503
73313470 189438423
32458884 119915543
104144885 136188407
6631298 233042001
88610242 136921824
100814944 160320169
65651846 219342520
116941512 160164687
38414224 214585499
67449613 139332713
100586843 227137687
76674929 226963534
71981837 173111599
89823648 226793676
11972409 121147929
89117873 154836066
48357851 177445376
113485546 143249095
63474912 128805250
36550907 157439009
73863646 155108402
15360768 233255311
54915478 219149783
78962049 231167712
101715511 129542956
38539763 229554394
106598492 206520990
64132854 229614708
31154315 156695761
33213079 126912603
57898870 178621787
88153550 180238769
110095035 188542599
105258239 142103945
86575526 212274132
52238459 219615149
79535532 238540660
64236030 138353816
91474160 179633037
30890480 176365885
104256705 130625979
118695911 158691902
5706327 167600076
11114593 158172021
10956187 135766722
80845773 174327982
28882014 146704277
38723329 189545387
97791966 138608111
34473730 225234719
46420231 148308270
33976514 237214388
110344174 207604389
64580187 182088645
78893270 181553243
112573975 185860580
109061357 175442634
93711273 220892437
112798285 130094049
58096883 220397841
20422718 141507843
35639553 202493957
105209392 131479110
75498634 160606544
41618948 158214197
71905588 235760584
39133762 159787663
30530767 199971446
116420642 160240965
21395543 123801301
50016134 203603264
97898676 224934487
14885692 148547224
45000187 238848096
37918078 210355422
19378604 193644041
101180915 215655059
69737268 190302558
96164526 129004655
23433387 212516832
23946156 182934555
10330197 153379013
87381337 152116279
73468195 193355315
30202953 149204117
5426353 173668232
9287041 185716731
26872584 193342165
63718765 162548326
48268251 197871262
93594794 142667650
76711436 209133980
17954172 153703858
77725478 224388667
48015830 178810318
68311842 232273564
72110487 128157600
116735973 143767316
116395913 167907174
10002302 214312491
111642531 194052756
8814507 237189534
30568966 137370063
64855826 188880414
96788290 158838962
97629322 204013583
98012944 192902029
27606610 201610314
76669399 121225185
73306711 238231259
60357929 210040293
6838448 167038403
38266245 232724420
4844067 162668151
64092309 204257245
50668256 145244127
86894256 236182594
82289539 120951064
42366359 207714617
23009428 226375859
2386361 224206590
74327880 145423028
68035313 179747583
99029631 144890579
39636677 165860126
118206662 179153022
28996583 169004211
29049109 208498709
2960950 124020040
49359504 157465645
73851068 157432475
17469896 158786830
81273391 206632095
98711929 184598261
9885682 233601915
19993164 199390099
83840467 201916809
89642836 168663371
2813965 139353880
119484371 166684984
20985669 143419435
14174388 214867173
84063055 179395000
3654033 188543251
48417961 174971946
23602412 158945526
86579005 210863264
116809656 228683576
78274785 142923371
74397647 124988533
86193880 175651476
36380219 237712702
105480528 135120468
114007728 228685846
52177059 224204889
13665742 177459576
63631961 236983751
114203873 191796750
107975331 150682997
78079587 182888379
69875551 176210028
8576631 125136211
105527001 163171500
37557166 132145438
30458118 169095079
64606979 135921816
86885704 141922244
108909473 201289716
110069551 138535389
60934682 219442004
30665653 194744833
51824239 156370579
64238271 239202355
80986893 188615163
98797409 132731625
75674572 182432399
23228632 155591566
113327344 171894467
103233743 207332096
15547562 204245438
74372125 195852690
86789334 212736607
24866244 161237707
43988285 160652469
18465009 128502758
7893330 232057670
98494593 207479952
118734647 156029001
85525688 136841198
76132215 229205996
98786697 212410132
81537228 183829646
9472276 158796110
6719384 220252486
101068833 128997659
114828590 121656794
71197287 218356333
76555592 217583241
108333642 168221034
74241936 131215042
31792918 233429486
1172826 122116778
20470791 192644743
31082598 194878683
118138500 142551160
77608161 125758111
67173405 132717430
22900002 207029497
54419858 176272814
71466543 219702236
36915277 152726013
107922616 126588530
28129828 222830838
89653785 229340438
2208475 199746336
40978394 180522778
103356062 228892917
96487536 158339394
110751305 239406629
89605244 148479303
92046242 215153617
34416137 141640534
40876251 157442768
19736016 153204110
87387603 174945581
73199605 137865862
4756756 123037798
83609097 208750404
88815124 146369583
101905544 213383047
63828854 221694765
101402459 163746621
108161737 194854140
9568277 199361486
10010949 165720426
13083064 210361872
114863827 177416633
3530671 172710864
15870276 173854177
33974932 201094159
16342423 224559691
71254953 146283906
81480694 239736599
53751073 187606546
95551671 188504279
25282134 143522650
100781917 146566610
22943954 161226540
118106646 207977410
35699081 211276492
102794364 197675606
36632731 192031027
37655255 154773681
99547221 206782605
22372632 217610025
105671790 195872828
80244765 135646537
11324172 167686547
10050034 204522639
2087935 229076379
99212108 138607854
29093635 137933777
28998350 176194766
92160 208429670
8984710 192992583
12666252 222314302
4071278 188495722
43480037 166189938
58049262 233523832
98819065 120782670
118404886 229989544
84847520 195091923
50413799 151295461
67765214 200640886
18775689 165824910
43947172 140879327
3924884 236521717
111422671 209532395
81579338 162387488
102663717 185098411
13593752 124058379
9413917 154983779
90845723 147329252
75833366 189390731
84731671 230850254
46552476 214495761
43617792 229228191
10378152 164081494
47741619 141763297
7944991 230183660
80884155 185266004
85967120 148068638
18607951 121961003
119735481 129275689
83496336 220025163
24991297 230754555
66574 212524175
74614909 149592699
110540482 137212550
85079917 230621568
47227539 232760563
35112382 238501336
111057684 163721869
60323527 224038979
75162434 186147901
56134350 155528950
4549512 158211874
49491395 126936537
47487932 133348624
77411586 144588489
102008098 148811532
54589971 165114711
44009830 176364114
22304876 131155398
28825444 148178448
39284075 220721745
8722850 158601576
13945310 152363683
9680786 185737970
4513789 162007197
115411603 184497399
49294700 178112211
48235183 212974903
34518141 174566287
83099549 204312676
52180266 232771469
54229566 133665509
4422620 159853117
95096033 158135380
109330089 235288389
28607873 198148736
24238672 186950524
82768388 172202540
36948797 142464048
70587004 220262286
40722698 238762273
115050664 121397713
98043449 205471044
115905137 203420179
37580861 217682752
90105840 146438760
79606192 179635060
27253989 224050645
63745372 145280239
107943423 208594709
104909685 189218359
88993880 121321944
51672347 146366339
102746232 158616831
3563227 129309761
54032272 120113570
12511597 170474769
96441215 192752074
94582773 152803271
15884174 197706743
9460676 204206829
70576885 227075802
74648470 169408767
62942806 161540316
73836499 226655981
64049279 171217622
31766160 211705820
108501611 160123735
27068174 152622565
99328447 140801378
118705464 126733653
46821391 131376364
64320423 181603436
1476824 164581986
113067039 164907486
109491846 151020129
53681297 186465109
108663278 173255740
26007578 230827180
115973395 231620154
116659200 131747701
78011170 148977046
113809594 144561013
51213048 164888189
100492967 132577571
61099929 139982419
44198163 196897708
24498425 214234990
25313336 189963890
84052917 140077274
5304632 194277704
5515928 157805971
119719654 143756408
10983577 221615310
68059645 228367037
56161114 128978672
63216933 235600969
76805864 201675797
86170675 214517568
54485248 176888715
16470631 159301307
52961414 193777172
88421869 151567111
118434765 139896488
83799455 228361571
96682388 217356976
106373888 239023877
101570950 197194956
92211649 231529558
13562487 126233742
12607614 189985457
3217579 221660989
113945216 180730536
18683089 227548947
93609082 204818751
82757122 218344000
60431501 160123119
46392517 149824676
53782918 134035364
70495436 123026264
101471837 138373184
29959222 235620326
116974199 203080726
74355021 173628237
25166563 173134703
50656200 178449982
100588126 144748361
7456456 120929761
9560977 202947218
85018525 204174289
33703312 154217521
104569791 233413276
78290779 220551998
73585751 223955204
114237022 125669445
101671158 134667392
9097331 225913096
96493275 120880891
37826972 144003770
75154800 224802324
28574348 165161348
66516107 200485533
5836893 173271875
54734831 123448989
45004378 171622792
43888843 216144846
39855541 144411863
33455479 221812703
102568719 187852521
11681724 218610610
1881333 224204586
54616139 137405599
9618846 198631739
23717763 190776176
46592304 137905265
53573806 176971299
99722939 160378452
13123522 120141355
68843771 229848801
4226786 221925936
110278233 135043465
34014492 144381194
45874920 142439024
65480042 232752009
102974634 229605614
95480820 175519856
40660874 234532241
55820363 137494774
91564385 213604249
108190957 192561412
103969459 162123643
19490054 157000057
54546290 207647263
104706219 207759529
21787256 134355746
13585630 129546521
74894159 164429461
80656271 200751621
42440554 186668604
112706200 135964955
117129835 223433167
63651006 209012414
12631454 221386428
72741813 133090435
87516858 191917411
61187162 204017207
105005093 213512857
51705401 198075991
12527727 207455398
34999750 186575638
6522515 180148359
47964902 138315099
21626939 167804908
9158758 126326528
23543739 217703099
43475264 230207956
94551124 143633163
17955227 171519770
56999408 237372586
113681610 187172552
115112938 177429016
99060490 176625865
94938373 172557642
51668422 142750843
52847346 186381863
10141205 183031154
46033165 170758030
41085880 202731443
59431007 128713871
26396447 201166778
96700315 179172141
94693155 143891188
100363683 158297506
57464907 156217670
50723714 232662235
81155018 220883268
95465137 195741880
111886141 227543482
97936916 178877582
73408943 176573287
115396221 211388196
51460438 194710269
18385894 135789241
60565782 160765283
91036345 125262908
90408123 203018227
87547594 198200979
1 215040892
83242392 142973589
97284174 209989505
116242578 204051792
105146164 159108599
16461646 141325251
23958770 224611723
11803666 123780261
83606194 144189402
100610062 151709405
102549130 151130488
106527006 177806471
41041789 172498346
49469130 197753013
54923322 176764651
74469959 214088748
73775066 172633195
36958197 188037219
256803 194032907
62706017 176540552
27013129 226126946
34415427 127877818
5327018 206414139
71834943 200265167
66268560 137979285
13393062 170598736
91487281 236189090
109016308 138902777
19617456 236426824
31583313 138937146
28413851 192059619
23300371 176375096
52077293 235729345
70184632 150990476
119304459 235073316
67393199 199556419
53218761 216930116
78482638 178146012
52627557 215345994
103013658 124384461
13682953 162916374
88088197 153573951
97255627 199962235
91613033 156745037
95197549 178165757
27155600 139073353
98546335 132816474
20558766 208086711
111680443 169423870
107990179 137738320
31283206 184029517
58079675 165764929
10781812 200552733
68036464 121444073
46201890 136833657
50602276 153023518
65060444 193356959
95877354 152369129
35251607 213807619
91419069 224905541
119069365 142044042
7676293 231762788
87924614 156162512
46534615 126936618
81288644 220883426
81528371 228099184
43361428 173317253
4428678 127146114
63403338 222242029
44262248 143130402
34131235 161422087
13618525 219253763
33570314 124981615
103108630 189560398
81247574 174531194
72324527 207094368
100166984 210967854
5490225 181810698
98995792 166714693
3021583 239353488
89009415 122056046
79798891 217397355
113438132 146110988
101869904 167042439
28026314 228078965
97250039 139836741
68621990 235733300
12609797 172692026
28652051 143084615
68680201 142093998
54232456 235630433
112008257 128974559
55218726 135050153
31949076 168151867
16108156 150023802
90996310 221410409
53109190 187850337
71892105 183645697
74782952 221459298
12043865 159489103
1423861 223340724
99031965 223725780
38153708 193449856
112998107 146792389
44157879 175587878
1599171 173311498
115570604 142852727
30949809 205653312
13210510 123350908
30383789 199117624
92914828 188185006
44564140 173930230
75323839 145929532
18826766 186015474
25288877 220437704
7370592 227725338
58286731 220346410
95877210 224926990
71054900 155710379
58665824 141280163
99094581 199412811
286595 180992225
46893571 213942269
53457984 163021957
27673665 121759846
109618109 188190848
54586814 127634017
67627601 181899829
57602226 163040893
43342138 171188415
113096390 183585597
114711207 200372393
87372363 167225431
10893742 178527156
24518592 153858294
52416916 138811476
92288014 196283065
97676747 237819955
6028109 227459953
111058285 236200365
65423551 235417702
5405060 223782611
107533714 188612563
76420548 164301032
97603169 166823718
24491213 142177383
22346737 218197313
32668011 207185723
31405238 138672828
40903448 167086404
108284494 167729440
25723191 206416857
100116866 173451949
43307417 168943617
108518282 225309269
37363001 210049849
57152584 235383999
78821698 191666225
23871690 208551301
57435910 178323983
56836938 230103094
69298054 149877290
118588464 193209365
35739119 215136464
104275788 122030808
15580377 130430336
104080351 182301801
63991176 133462385
29534737 230081513
116798189 226855434
62431610 228923240
29986405 146756263
92373403 160706542
107898742 207703323
23869028 197340342
80467479 191243816
89394862 126631341
94423270 230526536
32318336 220326519
16548786 155908968
3606157 211006059
73865841 203563304
44786162 156342930
97338312 154568796
24137082 132849643
62013577 169546126
64057052 209752874
21909102 137119417
66158777 124527157
56752289 179794383
70404129 209398758
26232886 208038005
110436301 224903628
86691181 169281986
55020132 239619817
90233011 199901379
1731768 162488245
51777183 125181626
116700360 167163802
97883895 167020698
77590975 236838774
8396459 166889229
81856113 231485532
57385303 218423982
105922018 157046995
47110403 131646671
29712769 146423381
115372772 219527989
112022951 151652817
20198619 223449175
51382299 155424042
99445043 142751842
78694671 167901431
79397413 161719160
16029986 199949057
95671765 197758060
20915229 163269959
61769492 134576967
60988409 212124349
107949470 207875527
85255318 129931208
111841116 205983771
90351235 218973892
43027937 148914216
58593275 218468222
77249775 192788679
47242724 175744571
26917361 224682180
111968784 235820271
98055297 197296480
4389245 206171847
32828833 134646609
113776919 154590112
40623172 141246013
1232179 152545613
79335684 121017090
113914836 126928980
110996971 165763825
95767464 158418930
78559085 122490062
13991882 223340435
21077930 212386514
40488512 164151194
53830447 239580329
79342139 167289375
63427635 209115893
63647260 219210732
92425373 141517513
52139628 204717952
67109242 167782638
21694753 173778828
113062729 180143073
55099037 216434680
117412913 220747859
22607536 149828063
14371272 149507944
9891604 166834638
103944460 212177465
5589614 219700873
119777195 203934546
66603794 182587399
99606589 168556852
59180029 156027825
93535558 159365652
28292635 230704039
87381239 140643226
40028353 154761403
11891565 186108195
58887409 144431475
75205038 207579776
113511259 194805387
87934641 224795381
110096216 185829681
90623701 170576827
99673072 148715144
72619110 212333118
23356499 147374437
62740509 230117471
73328033 122068629
68964895 181574195
44703717 184193237
5108091 179312066
118923667 172993816
99113007 190624265
117346000 213060165
15539042 236559480
5602024 223118903
42950313 125632949
117153240 194834555
13996292 237886616
75628996 155610261
5540832 211099757
78195263 178030203
43382100 220967733
32461768 239183448
31394854 161062180
44362313 149616779
76075334 146286564
105255321 196011237
12413328 193215633
249913 199524911
59070476 191242940
97942553 134019618
6152368 147249320
89977618 156277420
21892826 230160976
80090475 162168946
56051288 228885663
58674518 213030024
17902306 152463286
51601970 198336571
36918045 170740393
28240073 227347720
43602904 141305986
112529233 150476578
8613328 125064701
57242029 224308528
38336302 128444363
11655596 208927052
95435013 163545231
11350214 159550853
21531095 126270692
51368676 121513054
85443919 131272724
87460695 214098829
2557639 171039778
52896734 135091324
35425665 180331586
35224547 183720460
118322608 228557660
25361404 202836621
76575982 230888396
7534188 158230855
48921541 122586853
80017953 183082229
86709737 237078505
94742390 119951685
59640890 199464914
72790449 122666073
14940293 229363213
42956036 236845704
95261186 226947898
93452685 209849629
64801109 234902509
97439384 214073303
11367183 131490352
15891162 218192424
81799596 181722175
112340918 189129911
8168148 176889802
48916602 147525982
54335004 120090998
63553568 170663852
33489221 223541085
51938512 137335459
52589626 180829385
116189915 165759419
96515732 177322301
19065087 184275358
111660951 161565932
67525416 218631658
22480949 148118080
87043178 170804786
85886984 160181460
51397642 147251645
119046618 171713402
51794421 162233734
14451294 215348663
95301061 134678330
10852662 153133058
83386562 159728125
97961261 135167624
91794396 224814885
58941501 136123307
75928308 161679805
84633097 220606654
112721490 239595012
30564321 231418443
75888622 238564779
55652995 128950477
87284009 136900891
36264598 149882358
24413075 163381293
45923183 175912170
80538341 219119215
13701454 153717826
113393542 135224166
79142496 205799691
109590217 216115398
2895868 185414660
17735723 175085692
84727912 130645796
2097815 136533925
44788948 217803345
90440868 147471636
118432988 186325225
42552659 131405328
62909193 183361789
18343124 161324819
12290766 233199761
81135360 136639692
105081036 188880414
28578270 136732446
17930640 203980433
32379360 196978783
111284755 184779465
16681189 121283738
62626551 233149980
46566199 132619277
98972750 130149074
2207692 162211180
62156372 181696041
93777544 229343004
17264562 234498768
103879543 183597625
16536892 223267308
55833301 201836112
4698290 208121621
74569480 204782181
65774720 179978842
21778338 133174063
46808704 234310585
74667298 204693399
74506164 217495528
85057266 211913341
43737807 214409871
10262120 209718259
91347692 153237195
7993607 225506175
4562963 228348909
94347325 130566813
27873977 233002361
18755877 214849211
22443134 152909736
74281093 135617596
31972015 202535590
90954383 175537782
31478723 166602708
31616481 167887540
46705377 153863175
97766023 168436660
49820950 229140487
102402934 132167145
118497249 129142161
82962193 204634810
115030698 189927638
66962278 231004162
115117764 226992186
42738928 218507086
29876465 230974229
45630484 189445730
51679644 200817973
67183846 190752884
91979038 232092251
19903588 214449135
116748347 145414073
754167 152863730
36392165 187737850
30519031 139312463
2817718 186506490
39191206 200962572
31631928 207725578
73877810 231616741
110492254 212147630
87215733 134448136
10605706 187012574
33088631 223179927
57341960 126214408
113445416 184991210
12137103 124081868
83596969 188831242
96623045 235392255
100916610 128212983
107299194 212579753
73385835 195897571
8674217 171703559
71916998 227334197
110553340 152173001
21341152 235432776
44167879 232749973
21718966 146127721
100705611 144174274
89320236 219848476
74330930 213076190
108376469 164509271
46789719 233844905
35027889 176641413
42921405 202977048
37839272 164145092
83857813 165301331
100510034 190594216
97000059 204718838
107442032 135584822
82065208 205058452
47344178 235273769
37329471 162556655
84548785 181001393
75787378 148681218
92997044 217701231
108586140 140319991
104992685 139216827
19743414 175913329
26189819 217304798
115770085 200104004
42998312 172523992
36592120 199170296
94410091 220805915
80574508 192734793
59562725 170771406
100092394 224895018
28408422 236546507
96774982 195723389
104432167 211862945
71192064 180083356
60732878 235831122
23468356 124207060
32738672 226991382
8970028 153758501
10942473 203868887
30900986 190357827
40228036 231010675
88077025 171022168
96444279 232334717
102727036 203328703
28908645 157556476
80293715 220047819
56890428 174817259
51106011 190406270
45530007 205995191
8429236 172812370
64220412 193074180
70244267 140245108
5320093 131026089
5174968 124062531
38636249 128469743
66368447 176016214
76265977 196497493
18853841 201745907
94925110 138182927
87796074 134093465
18844592 224449475
111936627 205158199
20128118 188204171
119695487 170368498
22407362 144393845
43221968 200128099
31688316 169371910
24924753 231963863
4200117 134625714
28993371 161729037
18181484 166124326
10543858 220500859
27104138 198053375
92790024 193978122
70601895 143140880
43090295 221789205
6247557 234387232
44990665 206016558
59669970 234373353
95878450 239303066
80637352 184291611
26720466 121535888
60690511 202544598
21423925 180033469
83724792 156715508
72959637 144120130
118718977 213281533
20519573 181311157
99130294 173506864
24489349 122205404
100244683 183294081
86469923 139956405
74099429 181254613
108792982 177904113
57830993 211565768
94096755 200456180
92994441 134326055
58496954 168821015
109465013 177760502
109427352 134899430
113484837 145093164
9669605 222157219
12583449 127319346
41888421 186127233
9078076 229011752
107803977 133060585
117916450 165412128
48637421 218512952
89663696 122775777
57551706 233146303
7233139 228370277
81701763 230716290
60355045 128350683
84522186 122637178
58612909 208676326
64077818 224792531
87103805 213376987
100131340 203648814
89069556 186581255
89513509 218683936
104400669 184218536
74433428 178786802
82570796 211019631
67909143 202574175
109226566 227466884
108053525 147581273
71762679 164804801
87338402 221653571
63850875 167337718
28321280 222731384
89621368 227137380
16306651 192033091
6033152 184565570
95598411 158101989
107401746 141297788
6281299 162771539
26785496 164964398
91300198 127887285
11141481 132010541
96201247 159262888
22785798 132945470
1733318 219374077
34147230 150314269
54364112 199924472
3249612 179914296
115138461 233147025
9910614 184191794
81106106 237319222
22816750 156738528
48263903 172421384
26545139 215435791
14732721 167627097
100815023 156555068
34074239 177297716
113461336 153895514
84833350 166362389
18135185 140191568
57297390 230142061
46320424 177281592
39835405 121485216
51419032 150397538
17205985 129290182
95750279 136475023
15951449 167547373
4556807 213393398
48215819 172673045
79818646 125897218
94766396 212905651
90880928 153577617
18868126 140486319
71064954 132436407
99449995 201279653
118029287 156931577
117399437 229013992
11073109 137766611
2957016 123420474
3126111 190493363
74016780 184840854
83661706 237712059
79394166 174321703
72971018 169170882
83737997 224648526
95710844 137129300
101880311 164186207
21698540 133734254
8630660 129200420
90209679 121666819
11714160 123693977
78364679 128124793
12226211 130642670
107641252 149227628
45756978 170321609
14520608 153948395
59117725 150780289
107509344 190935862
87462033 213133860
107374968 179351878
13154982 197349682
110922661 142718917
73751968 202899999
51194451 124221393
103517040 144718869
77493526 209427902
82483379 206702767
18845939 191204177
37493743 186955072
86393175 140513605
371355 221725578
111978332 203168010
62067221 223807495
17954825 212229889
112686188 171171684
81662801 135058753
52054422 188584769
19713041 230709973
31022649 182790834
31461332 139023356
68666084 195460481
9573329 149929512
92417364 193976553
48209385 140280064
105953330 201721372
73148332 120007453
78540370 197204159
22458835 233298192
54974900 120894697
506309 159087131
97394693 165079079
30873876 192848884
67786588 189977531
24801279 131464517
44829247 235299224
40380016 205699118
119489630 189623656
102539134 175534594
81190037 196840454
61417578 191125573
114958380 130389317
47043043 161941109
69823128 161879015
116976388 219215230
112672506 143975078
88083283 194052548
115819933 149775022
69131394 176739229
3151034 204924705
20999792 164507988
46654965 230825682
53628647 153075624
2233247 203351242
11520669 170075402
12996468 131669959
74850485 211446883
72784925 235889656
98219070 150380811
27633837 228637314
2436209 231697363
67026662 182317374
85830836 234698364
97968499 180004408
32349659 125876030
75204654 162619186
95972068 231782274
74700313 160147167
104742649 198311336
81608871 199201384
34787888 192897282
4146866 217311658
36905740 124750295
24130372 128091958
59297979 122023649
79775377 130518864
80476504 158746575
117944889 235400753
40001512 177441540
52136265 172287685
80208799 182946902
4268281 196860782
98331035 159085648
97948653 233854719
8597669 123557808
66014197 209113537
119735157 144997930
48725967 136138225
76225837 200057635
89616995 125693568
28338139 161070326
67389892 194107730
25823097 224402099
1778867 184509952
113869999 200594651
105577181 180686550
15002638 121760549
93908954 164426901
28776724 162499581
8852718 214919154
46252524 136936767
23131403 183684693
77564653 220412288
14827787 120984731
17346713 171314246
64857079 136587285
49355614 177883595
87785029 177383559
44884438 170014462
20786196 127316778
12912648 175418945
5647472 147112938
22950503 165013804
89340434 221078120
101826768 195263113
84618463 228096121
54119118 157534870
68708199 211675493
19558936 213296134
34575909 197394217
22481231 174435392
53811331 220812981
71952131 201609694
29390677 186012975
68890989 209978672
26112027 151628143
36279796 132271607
108624386 186970241
116458923 163112490
116634337 231926758
72691599 161324276
98386302 130318995
111767371 215039667
27522569 234619760
92587893 222517435
28242270 159066841
64854289 201499089
101010821 131424865
57536331 195854897
73705780 213776779
36719679 207325129
81793161 128154703
72116083 142009659
116119762 231129115
73921881 128059167
21584199 197032975
68703504 162661694
42878093 159728704
33183138 147085656
70938739 235416950
52042438 214667551
36211190 208433901
40404317 139588410
43963967 122926936
14662838 217927363
99449697 162275417
107645260 233947273
9781598 130964939
34948805 188282319
80834785 184293561
23186483 177813707
92969092 193142435
7348181 198974824
83879113 181365696
16267925 227197252
4544675 130162679
12136073 186839731
92666093 205440740
114423028 157244538
69916079 176150426
79010244 170499925
34577565 141269467
17052948 159352881
63346138 208794338
37374953 180549362
93697711 172382041
80775095 215193391
86236951 191780899
104790428 158268849
52424053 217900819
6490593 228299832
118125338 133815219
52326462 175569718
89298882 127516479
71725461 198922001
100001685 235159591
97164340 171982117
54551656 182989648
75620694 204877504
32270972 147096084
60472160 203084005
71326204 191371709
39721126 190944458
50430977 205208526
87923942 156484377
36784399 193776762
39226505 209419762
62202456 215584363
73274215 208815144
40309814 235502972
64090626 212353600
26484019 147244992
104013704 151669045
38248834 167531897
103670803 232813687
22825349 236158945
60515946 201557671
12598535 168926821
42858816 184730204
33410690 142341668
47316530 128899617
23445721 146418868
5975244 234877684
103957084 231142494
35334338 217815817
32933897 161960669
21393081 161059206
59659911 197024099
114610878 174894660
25542827 180490133
99248203 234698580
49349685 231646410
106358215 149087159
62125650 179955279
1084804 152098213
20393049 202434150
50869890 159075464
75456656 236089474
28091433 164657854
112580583 179525004
65625296 136099290
28525434 166737506
27628411 122008290
76382930 164782354
56702870 204660307
56324194 188528164
55264445 144270105
45813771 181101901
21273142 177461720
102461467 163817533
63718388 230870182
68701640 192569490
46040660 231588942
5606967 231241570
118052577 134323790
78565177 209353334
87253841 182425241
106749003 164166281
70837895 162984023
113038419 196973133
106648338 149013152
70380008 131597094
116767019 186895493
82559241 184859309
32100664 172947655
45881954 215594222
71538062 214195613
118701581 126514858
109100328 133843891
2471053 155738390
107260467 208624742
48491986 142155610
7574661 191857608
114820474 123792852
32969247 144485026
39213132 174113106
74030768 154521837
4437629 149476763
35497427 227987160
35681389 231696999
41295373 237810310
114237609 129935394
37495314 225782605
26982120 151479917
51448576 201751799
73513873 210979805
88260449 132170884
8390385 185026874
38109611 209072359
113487367 123620993
52598145 176639301
24905019 197691683
48928625 147185273
29550368 136850692
117599669 184495763
6223160 188533373
50668277 181168788
41092590 232044826
43915458 230925683
57542171 133941276
57134106 165480667
30385924 120676919
44060905 191219499
98875096 127663062
72617156 126112180
40815796 138043731
38333678 153296895
73090657 228596607
58345877 232954373
15593362 135337632
66668563 173550516
719593 238580909
42849263 128022129
2111026 134620308
39577500 221487760
104929636 212844789
92342903 140619678
81911781 174909413
104599820 216314712
44375493 217970668
36160144 213298673
70397759 238114375
26812773 221871568
62999805 220925222
45591003 122916111
77096915 129082415
30781675 190225533
27966466 175710457
101398525 144292701
78272181 143272914
16786017 193417509
62822212 138659066
47852887 127992128
6620662 213601318
98256970 136104013
38738040 223146942
110951822 171332765
23696745 189897375
61563304 152571960
97065425 215827225
78486148 126861081
57734243 160630833
19651518 151377198
5297537 161169313
47116252 143129561
112506550 210439316
55221969 174886321
87338811 224326442
117857210 138760066
52417525 232040506
107611490 120703945
15698547 166908491
48454335 226823032
82971378 136787545
44528885 164062584
23901531 142924823
44866832 237909346
77201090 157912167
46870924 143653061
112420967 237720803
22216335 191636516
3661366 176793816
54519211 142219189
85880201 136877190
52268511 183198946
118989155 149976289
54441941 146246412
11613684 136213203
81579811 238103043
111986650 136752440
100363469 183405775
12751132 143749600
65963775 189000427
46617135 155063952
61404437 155020228
5052915 127471105
68579796 133296190
32347381 182444704
37757297 161182191
68066541 136121100
14538183 163965026
84989567 230908188
51267235 165627798
81021116 228049686
19734714 211540925
19369632 144171897
1777775 198172669
62727252 146142772
115382416 134674994
84600235 234183212
104379608 172695850
30030183 174054074
25573421 136354151
81963251 239646059
52580321 215618337
105553832 202480574
68372082 170265474
47975499 216539434
96445004 196882216
41756811 153707669
108410628 229575334
12868037 223947742
18158749 205792451
61156546 177816532
99137605 181197241
92967222 134310396
17088726 239012919
109936001 153103567
56931160 174809696
78501935 186514297
113571387 193030218
20706746 140913756
67979872 211081600
8747077 239219851
100566031 161870593
29167520 234749263
52525760 211451070
78626441 167407653
101687189 149928735
80685287 139344510
108946139 133024127
59657615 134895038
77107151 154985388
79759618 215815614
57514837 229328232
60458282 200167307
37923649 134245803
94119458 237824740
60318608 185148510
100929774 180035967
29725165 184165921
37820540 173476804
32051631 165923526
81505132 219798033
72074328 231278227
57051139 181883828
93771477 137136069
42148856 202004532
79851586 144153480
79561065 215378121
2165478 169032959
76344548 212011423
118011249 129940930
37066018 211720792
94482563 134475035
68377285 193470983
100789158 226099912
77489503 135390069
18210065 135650813
74628653 129475551
97913381 189551967
98160854 177822326
93753010 231247049
62665583 161491294
38381105 232436363
56041079 221780463
103698633 128682214
55529757 122067575
111229388 156666705
10193656 184527735
112659833 151118711
36713292 122117089
34186106 177467319
14633161 199426721
8626469 216773859
73417997 153174865
26906494 226261761
60920415 187082754
17509745 159959181
34825716 130947706
56023194 140035765
48968877 184642545
95728127 187053595
99642581 137986771
59591442 181118871
42380580 188993729
100080370 137073587
53460993 191642895
105779112 220341805
5678010 143600967
37604525 132224440
15093196 216585573
108507745 178221307
9435103 126029146
62300307 181576400
10660809 175959882
67430462 147446854
17898568 156753549
52926087 202786464
76922955 138249905
47204930 208880020
109479976 186706294
40133293 159070797
49394661 236403281
14266546 151465002
63774449 169737322
105884007 201220348
79188777 233742878
85910862 237403084
44715030 196752893
39770776 125301778
93047276 223862093
26718492 120014719
19307723 124667781
90059299 205307700
93751232 233532755
64805149 124741193
12753794 179316759
99420971 221872135
93453943 161282469
69487509 156361454
67188143 145531271
3066579 225409264
27492902 137047865
43393159 230676468
109289156 147967147
12062207 192515028
113771294 142307587
93164853 126696287
25203380 195703320
96470609 237019480
28847347 223783288
85317155 188329525
20136691 198037347
17929132 145659297
519225 205710861
54138964 216926522
17559668 161218720
29908979 212402067
45668609 145993464
109334986 184437811
12926824 227939365
46130569 163092181
568095 172988652
68590345 209415910
8626244 193795334
110695506 186191371
16440614 166741024
25319124 153540632
42425019 218040538
102984047 174895129
104526441 198137480
61226158 228903053
104587007 136763252
35458053 227243494
48417979 232090585
50108505 120305930
67671043 130682986
80302646 167056533
9837230 173683721
46164248 226024277
67983227 151265232
45877093 210463052
113223511 198375820
17907440 169784498
73376346 141463932
47414966 175462257
41118536 194992215
11608930 163278119
10508817 197774339
54292042 197512295
115963155 200554271
84253233 175587896
23920085 131259386
53063366 137338196
4041933 139750489
53289314 236790187
94242841 153688053
60133580 227891102
76849415 144759098
48535542 131011972
64613007 166715210
63326399 194444264
8287957 125993400
1534385 220299784
76966826 198929806
27289538 229185240
111041482 206654791
55334869 194757885
100966302 227985557
30985272 137591827
13432186 181995932
67528038 206257256
43912093 154941237
112919365 227779198
21016438 212755052
53526119 195101709
92139163 216826627
41627851 235229502
90031890 131722861
25833882 207826225
13869066 213044563
116445420 130432184
73698016 147996499
64229443 128028890
75399261 238373051
103762894 195050001
68094453 142904851
119063653 148591180
106446472 231224144
93291985 207176302
116966947 221320034
39429379 128637581
83078014 202522983
4268377 220863156
21017725 133222389
787231 223030753
83041328 132631444
29987338 234608199
62579413 220939265
3280957 136361677
112576340 179857133
7110277 177410062
84572544 142178236
111419487 216741336
95243546 198472647
32102383 136956269
80702863 219534874
7513417 223566276
34949751 223326902
96759786 215080456
99046551 222476624
4564158 145008088
105094302 216217104
70771418 227727814
63963881 179975764
41856896 231079256
6244417 130037162
42224672 186295370
65618137 201072217
7022612 164154122
60504339 145440601
100412513 123570811
42353722 157876182
63246970 214987251
13748103 149420145
107194943 162500156
5907999 123198335
44307832 171218326
78458898 234997256
10798941 152539444
38227739 237763337
51694671 208090363
74649188 169676979
65658142 187702278
46964097 130967081
33462979 218747300
6660530 223040070
38491045 239175320
110390180 159586005
108952534 120003032
64141999 220166487
76716245 229541328
117592407 128750593
23471885 180243868
14907532 163126523
110316562 190254033
47547692 224699810
95599592 132047796
75488383 233878854
29496510 205252993
70055096 128181421
105940973 124402470
105722040 140302926
5357308 173050885
36526732 125686231
35435741 171590902
15216940 135724200
95499695 160695234
46083709 184934422
25339324 152508649
88091662 225298921
28063994 228704669
83217052 232218654
116261068 162716741
105792144 222339109
45459201 217973627
44100093 123302499
103133202 165495822
119752549 136192242
79182309 131619009
110809907 144067165
77712271 136098698
29329025 238648997
104798283 132494228
36388626 144130110
24100870 173783613
57189782 141337618
60958613 142524697
82771691 162868861
55631611 170020845
