144 550
16614 1785 6573 13001 17989 11873 18127 1502 11065 19261 16681 12990 17915 9625 5437 7474 2346 19039 3314 17620 2602 14972 17763 5676 15395 6710 49 2076 687 15192 19626 13653 13328 6198 6653 11316 14422 4779 9169 5487 4039 5850 18476 1953 15474 264 9427 14171 19302 9092 11791 18255 4063 9553 283 19458 12614 331 17885 9652 11874 17510 3304 5201 59 9956 12869 14481 14735 2037 16319 15125 4238 11146 17078 16064 11409 2856 10234 7062 11947 18376 1668 12361 4280 1950 8170 16893 2280 6055 2897 10505 3564 6200 15706 19975 16156 4926 14455 7242 3314 7125 2366 7552 18270 15795 19967 9678 18650 6552 13091 6948 4928 14758 19309 9207 16708 7478 2452 15339 9884 5348 5844 13448 7899 17901 9774 406 2826 4228 7647 6139 11352 6365 10042 5973 2159 6360 15650 809 12912 8740 7756 17839 
0 45 88 16556 10894
1 26 71
0 6 10 11798 11990
0 42 75 928 16202
0 95 119 3699 14603
1 58 122
1 15 105
1 1 7
0 59 60 16652 15459
0 11 53 10434 708
0 100 119 19709 9941
1 28 38
0 17 27 14273 12255
0 8 45 9378 8923
0 18 40 5888 16147
0 7 43 17613 9023
0 1 15 18469 3173
0 6 17 18178 6791
0 1 8 16710 8473
0 17 126 17065 12495
0 19 41 7793 15784
0 2 5 19486 6673
0 63 128 6131 5268
1 57 85
0 19 23 13123 1998
0 46 56 3834 12949
1 44 50
0 88 106 7641 6578
1 81 125
1 84 109
0 19 108 12963 17743
0 3 23 10257 12049
0 40 79 17108 15428
1 62 120
0 25 75 17535 5380
1 38 48
1 86 99
1 25 54
0 29 108 5807 7367
0 5 9 13147 10885
0 42 70 14361 4649
1 32 86
1 75 123
1 27 136
0 1 1 18807 13062
1 95 121
1 75 94
1 22 88
1 26 99
0 2 40 13527 16576
0 25 28 8178 7702
1 7 15
1 9 17
1 19 23
1 8 16
0 106 109 12736 2772
1 38 89
0 21 55 16820 18365
0 104 140 5065 14222
0 24 49 2313 15394
0 15 53 10915 11431
0 2 2 10347 15742
1 16 90
0 9 50 19822 9945
1 11 81
1 75 77
1 81 138
1 43 85
1 29 33
0 16 20 16359 19621
1 19 49
0 2 10 11686 7595
1 35 51
0 74 131 4300 19887
1 36 36
1 70 91
0 13 116 7987 16428
1 46 126
0 74 119 1367 16746
0 81 90 18630 14339
0 104 136 787 3775
0 44 50 1358 10169
1 38 121
1 98 108
1 97 104
1 39 41
1 30 43
0 4 53 11735 14922
0 4 55 18358 5162
1 11 32
1 37 62
0 46 54 8072 1681
0 72 132 17113 5357
0 26 78 3931 216
0 60 127 19659 11497
1 10 18
0 34 75 4294 15029
1 36 83
1 134 136
1 7 9
0 31 128 3631 16816
1 8 26
0 3 46 7278 19481
0 28 79 16810 869
1 1 2
1 5 44
1 68 99
1 77 114
0 12 116 175 19922
1 46 74
0 2 13 13 1002
0 88 141 10986 18342
0 39 45 10983 4132
0 2 4 1525 1864
0 58 103 2413 15834
0 20 44 12410 1253
0 64 79 11919 18763
0 40 96 8227 6729
0 34 95 2052 8678
0 15 102 19210 1787
1 1 6
0 5 19 2673 1486
0 34 91 13195 10185
0 9 58 6397 17209
1 8 31
0 62 125 11690 13698
0 10 16 9880 17386
0 86 110 7115 12560
0 9 76 1496 17574
1 72 82
1 123 139
1 3 3
1 12 20
0 68 89 15992 4087
1 43 82
0 84 122 13434 14965
0 34 45 19639 3508
0 21 132 6434 12676
1 31 33
1 15 122
0 9 73 9246 9922
1 97 116
0 70 82 2625 333
0 28 69 4719 18692
0 88 98 18337 2775
0 18 36 12345 6338
0 7 99 11484 13131
1 26 73
1 37 60
1 2 14
1 40 42
1 13 17
0 11 141 12114 573
1 38 106
0 42 83 12546 13205
0 10 109 7043 1109
0 80 80 16047 14899
0 27 60 5383 1563
1 70 71
0 13 67 16282 1216
1 67 68
0 6 22 11242 19066
0 54 70 16381 12730
1 9 12
1 2 14
0 44 52 13430 2178
1 84 126
1 9 54
0 2 36 10034 6300
0 1 1 8804 15499
1 119 140
0 5 61 2491 19693
1 7 32
0 34 43 7044 1020
1 86 125
0 66 80 13090 3541
0 52 61 5060 13281
0 44 62 8990 8789
1 3 107
0 13 103 17254 16397
1 56 81
0 58 108 15272 955
1 16 55
1 29 43
1 32 90
0 40 125 168 11882
1 80 116
0 48 122 7310 13983
0 73 85 19647 11327
0 70 80 7157 5391
1 18 113
0 110 144 18928 1233
1 4 44
0 43 70 9990 10729
1 69 79
0 7 110 19949 10284
0 15 91 14870 6929
0 92 116 13323 10708
1 71 122
1 31 43
0 28 74 19138 3437
1 1 11
1 18 29
0 69 133 4107 16651
1 16 48
1 39 58
1 51 53
0 26 46 8404 16696
0 25 33 2719 16626
1 44 50
0 29 99 14180 10658
1 24 79
1 7 20
0 31 74 13160 5819
0 1 13 18998 9139
0 11 46 9201 15375
0 2 2 3634 1374
1 15 37
0 11 38 17329 2241
1 35 52
0 55 141 18882 15783
0 106 126 14957 12720
1 87 122
1 43 72
0 46 51 16258 5458
0 14 23 8718 6471
1 14 30
0 126 136 17524 5607
0 63 90 11701 5101
0 16 20 3522 1638
0 6 41 16200 15819
0 16 41 8085 8095
0 31 98 10706 463
0 74 137 7318 15788
1 34 109
0 83 129 14465 612
0 14 83 468 16587
1 2 11
1 23 67
1 6 18
0 13 22 5921 15270
0 16 38 12996 5778
1 30 89
1 10 42
0 24 42 2484 4957
0 5 5 14220 7730
1 3 12
0 104 123 19616 7788
0 22 38 811 10177
1 36 60
1 2 5
0 45 78 2610 17370
0 22 63 10401 1893
0 5 19 10358 14517
1 65 129
1 46 92
0 9 15 17853 2678
0 21 52 1831 11986
0 106 133 12543 398
1 50 93
0 1 1 873 12751
1 66 109
1 65 86
0 13 132 10566 8107
0 8 123 3000 1408
1 7 89
1 17 51
0 22 24 817 10110
0 30 39 4149 13491
0 2 10 10824 3383
0 46 75 1530 18454
1 35 52
0 3 3 2948 16575
1 2 22
1 39 45
0 48 59 5289 4544
1 52 107
0 9 137 11559 18477
1 38 70
0 98 105 10379 8851
1 60 65
1 7 14
0 48 143 12302 1521
1 53 129
0 4 8 355 19833
1 11 76
1 10 15
0 4 8 13526 14962
0 43 65 6964 8234
0 7 15 19678 4422
1 45 142
1 105 135
1 24 75
1 18 22
1 81 126
1 14 42
0 54 95 9971 303
0 12 39 7563 19077
1 2 24
0 20 38 16848 1852
1 81 95
0 108 118 8498 17756
0 13 36 9746 1949
0 1 1 16428 463
1 29 82
1 6 6
1 80 95
0 111 126 7046 16803
1 85 140
0 6 7 15566 879
1 22 34
0 78 107 4218 13750
0 27 29 9301 8522
1 15 140
1 9 11
0 31 137 2793 19814
1 131 138
1 2 44
1 11 129
0 28 115 8429 12796
0 21 27 14941 5327
1 2 40
1 46 113
0 45 55 2647 2271
1 8 96
1 28 47
0 28 28 18374 9816
1 51 55
1 30 141
0 4 57 19338 18768
0 6 10 2008 8178
1 48 84
0 5 21 1276 17630
0 93 95 10672 4818
1 22 23
1 8 11
0 25 56 5581 3412
1 44 45
0 112 140 5476 4690
0 62 139 871 16945
0 9 36 16927 3151
1 64 80
0 36 39 10741 15118
1 50 60
1 10 15
1 4 23
1 36 118
0 8 8 10982 2190
0 23 54 12093 16933
0 60 81 6367 17515
1 11 38
1 38 97
0 57 104 1916 8748
0 5 6 17892 10547
0 41 59 14208 5048
1 75 117
0 8 9 6255 18877
1 69 105
0 6 39 18585 2128
1 23 113
0 10 12 5666 6838
0 16 84 11891 19166
0 59 138 11187 11729
0 11 60 9419 13912
1 44 83
0 94 121 19659 3689
0 2 11 13975 17302
1 86 89
1 18 28
0 25 73 6538 19192
0 68 123 10102 1329
0 1 13 4961 5641
1 64 74
0 22 130 7873 449
0 32 87 8011 5665
1 67 86
1 15 15
0 28 102 13943 14889
0 28 71 18333 1009
1 18 102
0 22 23 13762 15555
0 13 18 3689 3336
0 102 137 4852 14627
1 69 114
1 11 71
0 17 64 4199 1334
0 36 55 8274 9379
0 87 121 2974 14043
1 79 96
1 15 23
0 40 113 6201 2702
1 59 77
1 18 45
0 93 93 19677 17433
1 27 89
1 1 6
1 51 83
0 5 50 6173 7928
0 92 115 9910 299
0 19 71 8060 15583
1 25 50
1 58 79
1 7 51
1 39 88
1 2 113
1 19 48
1 26 76
1 14 62
1 134 136
1 74 143
1 37 66
0 12 65 19599 11945
0 66 88 9947 17430
1 84 91
0 5 10 8023 7893
1 6 38
0 35 123 7833 11063
1 25 137
1 7 11
1 49 140
1 6 14
1 2 8
0 73 99 11333 2476
1 14 59
0 101 113 16508 9323
0 5 36 14643 6380
0 119 140 19950 5349
1 103 138
0 28 94 13111 4295
1 34 57
1 21 36
0 49 132 6857 13878
1 61 67
0 34 52 12047 12788
0 11 53 9346 13830
0 4 24 8312 7145
1 2 14
1 35 35
1 95 143
0 14 35 13566 9827
1 19 62
0 39 79 16616 4044
0 69 88 18012 14418
1 9 32
1 14 41
0 31 123 17067 7616
1 4 82
0 6 16 16299 12481
0 39 111 401 19330
1 64 124
1 12 24
0 28 91 1182 3318
0 28 99 19733 5403
0 36 84 15678 14652
1 7 13
1 27 30
0 53 114 17266 8014
0 9 9 3958 4060
0 15 17 2626 12454
0 13 101 17165 9951
1 3 49
0 74 76 4237 11036
0 22 42 14551 9052
1 41 104
1 36 113
1 25 28
1 11 42
0 11 34 15440 1486
0 19 83 17358 4691
0 12 51 12548 794
0 50 129 4644 4401
1 74 108
1 1 132
0 11 33 10460 19967
0 99 109 8604 12619
0 24 31 8142 49
0 4 113 5380 9466
0 11 21 1916 1941
1 2 104
0 61 107 2458 6635
1 101 133
1 59 98
1 29 76
1 93 99
1 56 131
1 7 7
1 20 27
0 61 95 9766 19440
1 6 65
0 34 75 4972 8260
0 2 45 3062 11096
0 33 33 7083 4509
0 1 1 11507 3856
0 112 125 7369 6331
1 29 63
1 140 143
1 66 89
0 95 124 9081 14632
0 28 48 5937 11962
1 13 13
1 4 4
0 88 126 9243 19559
1 30 105
0 55 68 16530 17157
0 14 20 6631 16159
1 29 30
1 59 73
0 88 94 19352 11763
0 4 15 13341 8498
0 88 99 17497 2295
0 125 140 13255 9425
0 12 58 11385 10984
0 6 6 10356 19694
0 49 134 9184 8141
0 7 30 11539 3674
1 4 68
1 38 140
0 2 136 18997 1896
0 47 126 18853 17510
0 1 11 15479 3896
0 3 60 10478 8761
0 63 108 13714 4485
0 29 85 7864 3920
1 35 134
1 4 58
1 14 40
1 27 45
1 2 7
1 52 86
1 15 19
1 27 142
0 3 3 16515 11523
1 57 83
1 3 41
0 5 7 8336 14636
1 32 92
0 48 99 3220 7656
1 23 51
0 58 65 9601 19311
1 3 3
1 79 93
0 12 28 15374 19092
1 10 115
1 15 20
0 31 43 3283 7358
1 91 94
1 9 26
0 13 75 15810 141
1 43 45
0 69 107 16591 9752
