42 1000
51876 
162486 993929 
341967 132965 395885 
615669 681019 284084 230412 
922473 756924 335450 12909 723684 
478920 995406 692230 680658 648649 73778 
782766 537635 263068 295648 458215 957048 123504 
161362 839311 849994 12834 519740 589063 929186 24591 
155757 22285 310192 441566 742048 413363 90560 6900 813180 
158444 209393 394291 200445 903966 112156 390479 297055 742644 403115 
505272 383093 502734 384329 812217 976724 576878 884545 999999 869789 415348 
360303 806673 995744 497413 943377 318414 740691 491775 842804 119682 520126 122879 
675295 784635 276634 153552 727975 245204 779823 881475 359766 241966 398625 999245 438796 
343734 341591 263632 383111 362834 847493 165401 319708 935537 196688 332892 336992 375886 177635 
277580 305644 134844 458944 246429 543281 466900 610918 633026 499537 340182 864426 848747 248729 570368 
611092 486177 281782 220634 793366 288626 4335 140272 340334 566306 790006 339902 402918 271069 429853 377399 
783822 201749 452385 636040 994045 533704 99047 373049 214608 841530 768552 887905 441516 50444 792243 735968 16796 
770620 439518 658235 303206 380483 69589 411630 788632 620145 556333 984092 983513 835542 274916 176902 81918 751715 217981 
701947 647559 661999 205651 753836 971113 226123 468769 927097 385453 858201 635442 883046 385036 964370 500425 744927 923588 115825 
296244 842644 362109 845411 749720 390063 378983 764014 300884 756220 651250 403068 998113 705188 180404 812952 563008 223273 833825 289133 
114449 34387 17922 599599 389733 441116 657005 338411 430936 236153 857679 758355 226697 630531 135106 856689 140678 968199 615910 999010 131269 
981487 834703 534531 874104 495127 170811 394109 727889 45016 977891 288557 759796 817022 113288 112701 213354 964646 125753 245879 236843 695476 500067 
39675 517837 631376 852209 905525 374602 561964 575338 981434 966208 743716 998429 662716 419307 810435 902475 727145 933355 86362 646355 281526 512570 615112 
992876 820694 872450 566933 1169 979665 82168 907548 532866 202212 881405 636867 815244 280121 301042 395321 356315 285031 264832 505304 475294 995476 731690 613533 
576804 232086 548016 291482 268793 287404 746400 636457 351281 576958 463311 41184 290272 325732 393895 590249 239634 497085 250666 16822 363986 358388 810800 44226 443195 
928226 802532 701172 783302 692017 537577 856927 890075 141546 158407 507327 941032 473871 552776 890673 854748 814441 806876 771468 174670 439652 266807 16256 379532 609439 341463 
730018 142917 521802 138165 277827 247788 516020 284394 712053 761862 143815 657564 386717 885557 978398 520756 23606 379877 532328 37054 429351 570821 496911 235616 228065 92691 146079 
255895 414920 728204 906301 943785 910959 50689 309952 866101 187533 857810 717030 519814 233751 561974 670655 420999 181232 36114 943912 156164 370071 958142 47766 765114 522580 731360 263290 
248872 387548 876571 968026 852738 302052 928060 795884 201227 845080 61674 237180 729108 89838 999028 138795 252904 352974 715422 162829 739410 163980 331137 821764 308568 35193 842281 985284 361527 
625096 602463 298647 289196 859000 189900 386271 257119 898949 640907 643811 211481 716483 768182 640906 1953 311872 470109 360928 992523 658577 696730 722747 888877 290105 506525 706027 805237 708922 853507 
478087 517665 910682 671309 770043 393885 321369 617853 991 446640 375498 987558 630475 40277 49419 936374 708671 649081 420201 998848 300583 625909 793062 66209 542976 725890 293946 966100 901653 581688 892686 
826966 18127 168703 257936 497788 533862 548501 275139 286426 233164 15945 191930 134583 789100 811581 980198 61365 497138 336039 897077 585609 199031 197758 91817 367732 40091 818282 430966 627609 93953 545413 991975 
461246 9881 751745 775712 339986 834742 401980 498020 524256 397174 515839 375842 225680 443836 114991 497332 23657 53178 880317 52798 539451 742364 708752 333278 829871 683932 744229 476817 50282 956043 549247 764660 523467 
740111 565164 398773 778123 206929 344499 611060 669723 451644 689515 166409 824509 62149 232006 802229 896001 85628 189532 741236 768507 772780 922768 900478 298124 615535 494584 711 489307 912866 325971 258546 811464 82141 466111 
295740 425522 801137 890313 282194 584995 622801 986930 167636 125406 881707 373614 676243 834187 675534 911914 80571 685275 322561 988593 97562 801597 593539 953684 769610 186119 882579 237431 762645 947734 43567 487280 408351 245239 705068 
249228 44912 828769 473921 725019 975603 762615 299919 242444 637409 679608 89851 981904 785714 787238 219773 364780 107098 742196 319081 153295 494487 613335 643169 99086 776997 294700 854940 956299 693532 222340 140079 535933 427146 121728 727066 
872382 828952 153563 834654 500175 436237 357751 183426 676195 39936 123435 650528 304054 689701 581280 750002 713266 206159 595160 196633 872748 636104 884331 681932 189438 538229 33128 342210 152437 217155 695214 170260 150323 954297 541895 293755 627796 
641067 451302 320663 542821 968271 925838 121001 894519 968715 221517 372836 343463 577745 621579 809072 870541 418450 550201 309318 916633 504836 540355 10892 251727 4403 41358 717281 25522 122252 970250 950559 59038 314560 295562 873711 336364 612953 690251 
249717 925571 18507 484777 750500 206279 584093 180322 830065 742677 137743 206925 308543 361738 597050 965883 919761 812684 17941 639801 827640 42146 392753 35548 891426 133684 881513 479695 477024 549915 748012 49418 223926 949627 862979 206337 528891 120641 596819 
395582 902119 85207 941646 330268 899172 328262 295601 997867 998626 735374 334273 241939 240038 33506 583482 13625 550678 978683 761897 270454 650233 714754 51280 268087 140772 49342 195899 911828 723431 529147 398501 964514 81756 683210 772375 446522 670928 966098 117463 
836443 889014 64701 284724 179684 327276 670470 105583 630671 866268 730348 160464 63683 226907 831714 77054 487522 671983 689868 558176 177362 104291 314201 693496 440540 91230 503045 193472 194306 232085 439340 263138 199253 209857 445987 406064 290510 748308 256533 318010 459521 
830984 187490 475960 223256 441868 19635 143425 814286 515138 478937 8590 685174 811045 361601 65023 810506 851314 380842 262001 811939 741111 581872 451974 715278 535966 175910 55896 164517 159954 81320 682172 132129 971434 151316 572237 985525 435334 744591 247569 234128 798602 263314 
21 1
21 2
21 3
21 4
21 5
21 6
21 7
21 8
21 9
21 10
21 11
21 12
21 13
21 14
21 15
21 16
21 17
21 18
21 19
21 20
21 21
37 5
24 9
40 1
18 5
31 13
32 3
1 1
7 1
13 6
8 3
37 18
7 2
6 3
28 9
13 9
5 1
19 14
7 4
22 11
15 15
29 4
13 6
1 1
19 13
15 1
15 1
1 1
25 2
35 29
19 13
33 4
7 2
16 1
1 1
15 10
5 1
3 3
19 13
7 1
37 6
15 11
15 5
23 18
27 7
12 12
30 25
26 18
19 3
37 2
13 7
8 2
15 1
34 27
8 8
3 3
28 24
26 22
36 19
15 15
23 6
41 20
7 3
7 6
31 29
21 4
25 1
15 1
3 3
7 1
31 3
25 11
37 31
31 30
1 1
8 8
25 4
7 6
13 10
37 32
25 19
28 15
41 6
12 9
21 12
22 15
25 1
29 17
15 6
1 1
7 5
39 29
7 3
19 8
41 28
10 1
7 2
2 1
12 9
2 1
17 8
16 11
19 2
22 2
26 23
9 1
8 6
4 2
22 10
29 10
38 37
39 10
25 17
10 1
19 10
37 32
5 3
1 1
36 13
16 11
40 3
23 8
10 7
1 1
13 9
34 30
25 1
1 1
29 3
25 9
37 29
17 4
35 8
31 20
31 19
29 26
4 1
7 6
37 29
10 1
15 10
33 18
25 15
1 1
10 7
25 21
31 6
13 4
8 1
17 9
15 7
40 31
11 10
8 4
35 11
29 1
41 9
18 7
33 13
7 5
23 4
32 1
1 1
31 31
1 1
1 1
21 2
7 5
1 1
1 1
29 1
35 31
8 8
10 9
10 7
25 2
9 1
35 10
1 1
22 6
18 13
18 16
13 10
16 5
15 7
39 2
19 5
37 31
1 1
1 1
22 21
22 1
1 1
7 1
25 10
7 1
13 5
37 30
41 1
5 3
29 27
3 1
13 8
36 25
31 1
41 8
13 7
7 2
11 3
22 21
25 2
23 22
23 5
13 1
16 9
6 3
25 11
11 3
42 1
38 24
40 21
29 10
10 9
23 6
15 11
4 3
27 1
33 31
9 8
18 3
4 4
29 6
7 4
32 27
27 13
41 24
1 1
37 15
35 16
37 25
22 12
28 5
37 37
28 9
33 14
14 13
25 14
25 18
25 25
20 11
36 29
11 8
2 1
37 26
1 1
17 6
1 1
1 1
31 23
1 1
29 20
22 14
7 7
41 38
15 7
8 6
15 10
5 1
6 4
25 19
29 24
1 1
42 23
15 11
15 1
9 2
22 14
37 33
36 25
8 4
29 8
17 4
4 1
7 7
26 15
15 7
1 1
5 3
3 2
24 1
23 14
13 3
31 7
3 3
19 19
30 25
19 4
17 1
7 7
27 7
31 26
15 7
13 11
11 3
29 5
13 1
19 17
37 1
14 11
19 5
31 12
13 8
17 11
27 21
4 3
31 6
9 7
37 9
14 9
37 7
17 17
37 14
35 27
1 1
1 1
29 11
16 4
25 15
3 2
1 1
37 24
37 31
31 25
13 1
37 9
7 1
23 23
6 1
17 6
37 25
21 17
31 28
23 1
37 12
10 1
15 1
29 22
37 27
39 5
18 10
1 1
27 7
13 11
32 27
31 6
3 1
1 1
13 11
7 5
25 11
37 13
33 23
1 1
22 15
1 1
3 1
15 4
9 7
4 1
16 11
37 9
34 33
41 20
15 10
19 13
11 1
15 6
35 15
31 7
15 7
37 1
31 16
13 11
13 8
1 1
37 3
14 1
31 5
5 4
19 17
31 26
16 16
23 14
19 13
13 1
1 1
5 1
36 1
20 5
37 35
1 1
37 28
9 7
39 21
25 15
6 3
1 1
29 11
16 6
22 2
9 9
42 8
33 29
27 10
13 6
31 19
15 10
32 17
25 4
10 6
29 29
13 11
1 1
16 1
4 1
15 9
40 23
42 26
15 4
35 1
7 7
37 32
17 3
1 1
31 4
13 10
19 9
29 2
31 20
24 2
19 15
29 27
3 2
10 7
33 13
1 1
7 7
19 4
29 17
3 1
5 2
13 6
13 8
4 3
23 14
25 6
4 4
14 4
6 4
3 1
31 9
27 4
34 11
10 3
23 23
22 5
5 3
15 3
31 17
12 1
1 1
31 19
27 19
9 3
34 2
37 1
15 3
41 17
13 4
31 25
25 21
4 3
36 12
23 10
9 1
41 6
17 9
1 1
15 4
10 5
1 1
1 1
32 29
40 10
7 7
1 1
19 2
6 5
31 20
1 1
25 9
7 4
14 7
6 1
2 2
21 4
1 1
7 2
11 3
36 19
2 1
34 1
7 2
19 17
14 6
1 1
15 4
27 7
36 21
31 28
19 8
36 27
31 30
1 1
40 21
15 6
22 21
10 2
4 1
31 18
4 1
35 29
3 3
29 8
15 1
25 17
30 17
37 16
1 1
19 8
22 9
1 1
34 1
17 9
1 1
18 1
1 1
13 5
29 3
5 5
13 4
19 19
29 20
29 20
7 1
37 2
19 3
42 13
31 11
1 1
15 8
17 5
33 33
37 15
31 14
8 5
20 1
39 20
36 5
1 1
37 5
11 10
9 3
19 17
31 28
29 26
14 10
11 1
13 3
13 1
17 13
1 1
4 1
29 5
29 24
15 11
37 9
1 1
41 35
22 19
22 1
1 1
4 1
36 15
31 8
7 3
2 1
32 20
15 3
31 24
26 7
29 27
25 9
17 13
3 1
35 11
29 22
41 20
25 15
34 8
4 3
1 1
5 5
11 8
29 19
25 1
25 10
39 19
33 21
31 2
31 25
23 15
29 1
16 9
15 4
12 7
1 1
31 28
28 18
13 1
37 14
31 19
1 1
27 27
29 11
19 12
42 19
2 1
16 13
23 4
24 24
17 3
7 1
19 15
27 11
1 1
23 15
4 1
7 7
33 22
3 1
23 22
17 4
1 1
22 21
26 17
19 3
25 2
12 1
1 1
5 4
37 36
20 1
1 1
29 2
40 29
27 13
22 1
17 15
30 2
28 2
1 1
29 14
4 4
1 1
39 25
31 11
7 6
9 7
13 3
37 6
25 16
25 22
27 23
36 21
40 36
25 25
28 1
22 15
13 13
13 12
5 5
13 8
40 23
15 11
31 25
17 4
5 2
29 16
10 1
36 26
37 30
5 1
25 16
5 1
1 1
15 9
2 1
27 27
33 11
19 7
19 12
25 2
34 5
29 22
25 16
27 22
13 10
21 6
38 36
7 6
5 5
2 1
29 2
24 1
15 1
22 6
21 4
17 11
1 1
7 6
15 5
21 11
27 15
17 17
19 14
25 2
34 10
27 2
9 7
9 2
30 7
16 1
37 19
30 13
40 5
40 39
13 1
20 1
33 8
19 14
5 4
9 7
13 8
41 10
27 8
8 1
33 21
7 1
33 4
40 33
5 1
16 6
1 1
15 13
29 15
29 25
13 4
6 3
39 27
22 16
39 15
9 7
36 7
17 8
7 3
22 1
34 7
22 16
13 13
31 7
25 6
5 2
1 1
21 18
37 35
19 6
1 1
1 1
13 2
19 13
21 20
7 2
1 1
1 1
31 28
1 1
25 23
1 1
16 11
33 21
8 4
9 1
26 22
2 1
31 16
4 1
37 7
15 14
19 19
35 31
37 35
25 20
27 1
13 11
22 1
13 7
25 20
29 12
29 26
31 1
1 1
21 8
7 5
9 4
19 3
29 7
37 24
1 1
27 14
33 4
37 1
8 5
1 1
5 4
7 4
15 13
5 1
15 9
6 5
1 1
37 1
29 1
30 16
12 1
1 1
1 1
33 31
31 4
31 25
16 5
8 1
8 3
25 7
41 37
3 3
23 12
37 3
5 1
20 11
19 14
31 23
13 1
25 9
3 1
16 12
22 3
1 1
36 9
31 2
13 6
42 31
3 2
7 1
25 16
25 19
19 17
3 1
1 1
10 1
37 33
1 1
31 11
31 24
1 1
39 18
17 12
39 39
23 5
13 13
19 4
32 5
1 1
13 12
23 9
1 1
19 9
41 2
10 3
29 8
25 20
27 10
40 1
29 18
13 3
9 7
19 19
1 1
15 10
16 13
41 28
31 29
19 15
22 7
8 5
32 28
37 9
36 1
15 8
6 3
31 31
32 29
28 13
31 19
4 1
1 1
15 1
31 6
15 7
34 32
1 1
25 6
7 1
7 7
1 1
27 13
1 1
37 36
1 1
1 1
29 26
11 1
7 5
1 1
19 2
22 15
31 2
3 2
15 12
33 15
40 26
25 20
1 1
25 25
32 1
19 13
19 14
29 1
25 9
36 19
26 9
37 36
19 16
13 11
37 19
40 38
15 1
22 13
41 28
18 15
29 12
1 1
1 1
31 17
1 1
27 19
4 3
15 10
11 9
15 12
