500 500 500
40 270
64 270
319 270
43 40
90 43
318 270
207 64
33 207
136 318
184 319
34 319
412 207
132 33
340 90
366 34
10 318
145 319
483 318
149 64
188 40
401 318
68 145
9 340
499 40
23 340
497 33
248 136
229 64
114 68
240 401
251 40
117 318
164 401
471 34
160 229
365 68
395 184
280 145
118 340
161 483
105 34
74 10
55 365
313 33
135 68
286 497
58 270
87 319
221 251
443 248
15 499
86 471
258 87
359 40
435 229
134 135
220 23
158 105
437 270
255 188
39 395
125 145
355 132
176 105
67 43
481 86
292 443
406 10
11 499
277 481
232 188
317 67
101 105
141 68
119 401
262 134
212 118
419 359
454 40
341 277
244 221
393 34
388 497
431 286
180 319
104 365
241 212
479 248
438 454
222 401
171 176
256 117
428 119
290 428
122 220
271 207
332 262
151 395
233 280
296 290
347 184
324 10
60 11
259 318
19 118
343 497
4 341
204 419
367 443
354 324
328 119
31 438
312 292
139 188
186 141
62 55
283 428
265 292
79 317
337 19
342 395
202 258
427 58
381 265
5 114
356 184
144 419
100 161
488 427
166 221
250 499
63 232
146 145
230 90
156 337
368 499
371 39
205 340
425 101
42 497
403 11
414 144
362 283
314 151
268 176
382 4
41 23
154 188
294 255
275 212
98 342
498 220
357 79
46 368
13 481
456 265
369 139
92 90
325 184
415 188
385 388
183 132
293 11
441 39
390 158
94 415
52 118
279 259
96 428
191 292
216 145
257 255
123 362
65 328
45 481
473 119
432 401
299 262
287 45
150 212
334 149
82 96
323 438
440 343
8 415
116 367
379 443
261 257
447 317
28 425
16 367
349 41
269 55
208 248
459 230
172 388
56 125
489 92
7 132
274 172
267 202
330 379
402 10
213 479
138 438
433 347
3 166
360 427
246 261
199 257
300 267
436 94
272 431
75 222
37 412
69 55
482 270
302 427
192 105
174 150
288 96
170 488
408 158
224 286
113 290
1 265
376 251
451 90
140 497
345 188
76 271
124 395
93 270
383 325
374 360
84 379
289 259
399 408
424 286
469 101
218 454
127 473
461 498
99 116
487 461
478 481
32 65
429 478
353 233
198 374
351 275
182 104
112 287
344 28
201 300
214 4
297 96
418 259
336 280
22 376
298 201
228 39
333 323
153 119
460 319
445 369
177 428
209 437
322 435
226 22
109 33
384 362
387 271
315 332
326 296
335 374
17 7
311 337
223 132
110 64
423 293
404 479
83 325
165 28
320 161
2 208
231 82
70 300
405 7
400 330
175 221
77 438
282 114
430 489
304 105
36 52
475 382
331 213
91 280
95 405
307 360
486 182
163 483
396 154
391 459
455 69
409 150
263 19
394 125
130 212
470 269
61 355
80 65
327 146
193 222
185 140
426 145
500 330
120 402
200 45
380 64
358 429
152 199
249 223
492 32
47 213
196 177
142 362
465 3
295 246
364 69
398 170
392 150
107 369
373 388
310 314
477 223
416 56
467 68
413 107
397 16
410 381
480 318
102 90
457 172
203 47
6 499
197 93
181 455
439 226
18 373
291 492
225 208
284 105
157 156
215 272
458 268
178 333
484 257
242 90
190 122
281 163
421 381
278 174
25 265
57 225
276 200
97 374
463 371
147 390
386 288
38 233
411 92
273 174
308 191
217 451
159 395
350 500
417 386
148 144
375 311
85 484
378 17
491 18
126 383
131 255
234 330
464 241
247 135
422 230
472 132
329 156
495 85
81 40
227 215
51 397
420 329
168 357
189 430
264 135
14 207
173 418
121 287
493 441
53 358
21 153
434 292
167 406
339 288
238 329
346 279
211 365
24 397
245 180
442 472
338 250
476 101
12 415
253 165
260 199
496 326
450 25
239 225
143 122
115 385
44 357
370 124
187 333
485 119
446 336
303 33
66 57
88 126
305 68
243 463
111 320
285 261
474 470
252 105
377 112
169 44
372 351
494 149
54 243
363 257
235 347
309 411
448 417
162 150
452 183
206 420
444 51
321 123
462 4
179 472
26 171
73 170
301 444
490 81
71 431
219 241
254 158
29 339
306 82
407 173
30 264
106 377
389 233
236 153
195 208
129 393
348 366
466 306
49 130
48 296
137 293
27 346
210 273
103 200
449 57
194 335
35 274
89 258
316 149
468 459
352 242
128 253
453 132
108 419
72 405
361 447
50 358
133 296
237 403
266 331
20 433
78 96
59 116
155 455
357 80
365 2
439 468
375 133
35 297
261 215
216 230
348 117
150 167
208 264
289 97
198 357
196 51
463 315
141 206
337 480
363 142
240 325
444 262
135 447
80 25
81 290
389 238
29 202
369 394
124 355
81 396
141 165
275 301
434 182
362 444
323 198
20 103
151 294
401 288
457 297
323 335
55 165
65 113
33 312
167 108
141 416
110 251
199 491
428 485
366 442
175 69
168 206
294 497
427 189
396 415
196 343
243 211
192 44
128 2
341 359
38 439
370 303
412 320
6 229
11 31
438 187
226 97
284 495
364 10
499 335
415 247
197 171
306 489
104 408
490 291
260 415
81 329
331 77
87 153
186 430
60 450
500 355
497 12
340 21
89 148
476 135
440 392
95 299
423 160
382 351
163 366
87 17
219 379
221 449
335 380
388 39
95 144
44 360
262 338
260 401
83 301
105 1
121 425
87 402
455 34
187 211
295 352
373 129
486 309
340 104
188 327
284 230
84 131
203 230
471 66
295 410
405 18
43 462
408 428
88 352
208 305
354 404
27 341
267 373
201 155
163 72
46 58
337 341
211 52
285 303
331 425
150 288
331 394
318 285
312 251
75 450
11 57
396 389
401 429
369 303
96 144
75 163
70 411
36 368
376 131
201 429
418 379
356 435
85 451
133 86
481 179
47 423
104 460
197 206
62 251
70 434
387 54
332 301
322 188
88 38
196 15
76 303
372 396
434 412
107 23
65 293
127 36
225 428
176 337
280 439
415 376
54 407
6 83
97 149
431 467
298 435
465 170
369 130
468 216
464 242
53 139
133 343
25 113
157 315
433 327
77 217
34 108
31 360
65 248
442 183
358 22
189 375
500 214
217 461
12 242
245 146
260 107
230 19
53 476
182 330
228 227
430 211
257 59
426 59
161 453
348 227
393 401
346 103
494 352
164 160
176 456
405 198
82 159
351 150
223 387
325 449
434 185
84 441
322 41
266 196
372 257
399 113
198 122
108 22
425 408
125 331
462 36
329 476
56 378
473 107
37 151
241 270
334 237
394 436
499 333
61 194
423 270
122 254
460 240
341 464
455 361
424 195
207 399
157 216
399 470
407 306
404 272
271 359
463 2
385 71
423 257
347 101
327 22
418 106
2 242
162 226
191 9
62 247
79 465
52 313
345 489
410 11
64 490
83 476
307 490
264 230
61 367
185 161
238 130
94 435
482 157
21 494
493 302
143 332
78 425
239 359
43 380
342 263
54 352
100 3
261 59
337 377
215 152
159 83
334 98
367 55
351 481
318 387
132 45
214 264
73 404
430 374
394 206
238 145
276 340
270 58
277 458
88 289
284 176
144 465
201 14
324 125
197 446
48 482
366 162
428 245
226 299
360 74
209 117
275 53
467 168
298 148
182 55
375 285
464 202
5 338
181 121
498 278
404 287
160 21
166 429
113 483
35 276
325 68
51 147
304 464
196 93
448 246
58 301
459 230
87 232
397 155
293 285
257 261
456 246
162 171
452 9
236 264
398 435
342 160
434 222
14 361
129 338
471 483
200 38
50 335
49 268
1 106
273 416
412 366
205 29
353 29
128 419
173 190
209 418
487 116
85 348
304 344
232 365
412 419
84 492
424 52
310 51
288 2
340 155
416 197
31 117
21 118
278 64
441 100
31 99
91 330
412 422
447 22
104 368
338 310
403 476
69 181
467 93
219 84
128 153
360 135
183 189
15 158
238 430
196 487
187 56
47 157
343 459
87 46
141 317
110 305
367 154
76 67
142 337
46 55
288 488
245 407
239 199
403 297
489 161
1 82
139 171
198 382
218 293
79 416
106 146
40 283
65 381
249 133
328 37
276 279
152 354
210 481
380 333
312 76
29 255
329 161
178 29
485 448
93 446
115 176
61 295
303 16
337 63
461 43
118 143
246 48
500 33
304 442
119 285
163 266
307 290
23 117
160 449
335 495
8 27
333 147
469 174
295 205
240 222
28 78
166 112
243 351
365 191
215 417
494 213
364 31
488 271
104 348
273 257
469 359
451 496
470 228
286 462
205 281
44 307
173 61
462 368
116 335
189 384
270 310
487 50
346 232
414 18
231 301
341 47
327 269
358 201
213 132
140 74
209 32
435 314
493 92
92 143
236 345
169 486
473 338
68 427
333 424
415 275
205 33
216 116
444 148
382 341
348 78
188 395
78 211
383 395
491 352
478 100
500 383
449 23
201 64
115 18
74 287
34 334
466 78
386 264
345 348
425 6
107 402
452 349
269 265
6 53
80 332
371 409
328 419
354 377
470 292
263 193
73 2
30 410
397 119
100 295
77 186
305 134
95 216
289 59
102 302
171 450
311 32
354 240
127 45
458 46
7 175
88 97
125 140
77 305
487 276
44 480
213 333
52 286
324 177
119 155
80 359
426 292
109 301
113 2
133 83
55 419
109 140
157 110
283 201
134 205
363 90
399 365
116 461
184 373
445 252
231 499
71 399
70 212
110 66
163 107
71 19
116 467
248 231
408 80
122 345
305 419
98 340
482 228
371 135
163 465
483 489
475 460
396 350
317 194
285 227
352 166
457 33
60 284
339 196
144 394
279 233
446 338
135 118
439 318
158 382
403 480
441 445
37 410
167 264
362 73
282 300
92 101
63 427
329 116
366 436
197 142
109 380
93 244
327 97
252 387
108 86
299 156
124 255
467 421
287 158
385 75
159 346
431 30
451 7
274 28
294 358
35 414
29 35
266 303
130 456
463 458
450 168
195 419
315 135
115 105
185 475
478 274
341 468
213 310
444 468
463 472
423 147
423 39
211 69
201 268
479 223
486 257
399 135
151 282
135 78
428 41
276 88
486 367
167 351
115 69
152 203
215 288
228 370
259 117
350 354
314 279
146 203
64 10
160 459
442 376
148 351
453 46
37 296
199 170
415 185
447 134
175 495
496 168
326 67
472 215
167 118
5 328
313 47
5 450
264 308
294 187
289 106
72 208
200 327
358 387
165 12
50 143
442 128
21 387
241 162
359 139
441 322
390 27
65 415
217 45
500 11
379 85
402 200
228 47
20 69
455 37
246 416
133 394
369 242
491 414
135 284
314 195
405 353
302 375
401 279
440 499
411 323
387 295
241 139
465 391
45 143
127 297
90 23
466 496
127 442
248 497
83 480
30 428
386 223
483 457
455 424
246 19
102 197
387 429
427 174
195 35
80 292
260 464
500 275
191 257
217 27
425 308
27 270
300 118
433 213
199 13
3 481
75 50
165 243
3 451
263 130
90 12
185 224
228 183
225 156
10 257
359 190
298 139
356 255
51 316
386 458
124 367
462 287
163 41
215 271
467 444
419 381
226 91
479 308
81 225
152 228
461 275
331 85
128 365
61 346
202 312
376 58
456 463
192 97
346 138
429 249
68 114
243 378
244 41
71 375
53 477
310 333
179 133
404 262
157 251
79 499
347 324
23 274
34 132
388 371
24 29
470 339
468 15
456 81
382 141
397 381
163 446
366 390
363 385
172 1
79 413
181 214
373 149
9 61
217 59
191 453
1 140
295 403
389 92
454 299
177 402
344 15
74 493
129 96
83 288
184 472
32 123
84 340
232 15
499 71
47 281
148 428
342 361
115 193
157 141
4 383
33 35
396 355
436 98
119 226
238 369
83 9
106 201
411 500
280 190
224 81
11 255
144 495
477 89
435 155
390 345
51 461
419 61
490 180
380 397
155 100
256 162
466 444
407 158
159 95
133 373
397 365
81 492
6 362
172 224
283 167
151 474
410 278
437 432
122 459
218 74
306 351
237 433
24 463
189 92
464 372
43 342
29 58
445 423
471 50
57 134
174 301
415 182
306 317
221 408
79 326
478 4
207 153
309 152
170 220
455 181
369 391
326 267
150 289
239 295
146 158
26 191
452 55
180 14
370 142
270 180
406 72
404 112
171 228
468 93
107 62
157 30
363 452
166 129
317 84
47 245
317 62
374 270
183 55
121 330
375 130
147 446
134 454
188 246
453 144
7 233
64 230
195 94
1 240
275 144
109 126
205 65
369 451
228 484
256 192
130 413
233 468
18 440
392 154
275 338
378 476
84 319
293 159
453 415
284 446
233 227
362 331
194 95
368 92
246 182
286 215
315 365
263 120
146 331
260 286
19 208
481 148
460 33
69 213
31 187
387 75
489 104
206 276
48 98
54 29
255 445
443 102
232 172
193 363
91 59
377 354
29 259
172 324
192 129
424 220
209 460
323 173
17 429
290 428
412 424
270 350
75 364
423 228
421 443
393 319
49 31
175 324
326 53
228 285
434 28
452 365
483 132
279 138
163 131
25 220
219 39
269 492
198 262
143 158
371 174
100 87
12 197
308 363
180 232
411 354
444 458
231 99
101 259
121 106
369 374
109 278
79 300
211 166
144 466
383 390
16 445
1 412
72 203
485 292
313 97
281 399
308 347
365 463
223 483
314 95
109 326
34 392
54 183
163 129
33 273
374 347
45 455
418 16
421 202
445 328
159 263
377 65
180 126
19 495
