50 50
1 68 59 68 32
2 81 0 57 53
3 34 35 91 8
4 76 30 74 37
5 13 47 86 7
6 31 72 85 26
7 60 31 15 41
8 12 54 94 39
9 4 23 7 31
10 94 9 30 69
11 45 90 25 26
12 14 20 51 68
13 61 60 94 67
14 71 34 86 100
15 68 53 89 90
16 66 62 78 83
17 28 85 73 97
18 47 41 75 64
19 74 87 96 91
20 32 71 59 6
21 6 67 61 98
22 62 19 2 28
23 27 65 94 99
24 19 92 31 59
25 56 29 5 38
1 2 89 46 63
2 65 0 4 42
3 41 78 53 70
4 4 48 0 4
5 40 28 65 58
6 3 43 40 70
7 21 37 18 23
8 91 9 45 5
9 11 74 24 96
10 7 42 69 6
11 85 43 6 89
12 66 62 0 6
13 74 14 96 72
14 25 64 31 64
15 53 36 97 29
16 17 28 44 93
17 18 92 69 18
18 67 100 5 27
19 54 49 21 39
20 71 85 58 4
21 6 74 71 42
22 46 57 35 97
23 15 7 68 63
24 77 36 34 30
25 30 12 43 5
