1985 1981 416 1
1091 1496
1167 1715
1410 164
302 1280
1765 988
279 1926
38 1469
1164 1609
1293 1425
677 1486
321 1003
1077 480
287 119
1282 766
145 844
645 1622
31 538
1674 673
114 1084
1707 698
431 932
1036 1238
1385 267
29 1963
1852 1519
814 1146
177 286
437 1197
1614 308
1357 925
493 168
1150 1977
322 582
1324 551
26 196
1674 1975
931 1473
1440 317
516 999
662 1321
1971 84
1642 1691
1309 672
1213 1368
529 1685
1835 1040
1575 275
1089 1952
937 395
1191 961
767 902
1909 1893
1814 1581
449 1422
1756 1425
1887 1671
1427 1708
1151 1892
1707 1814
336 1956
207 1699
1118 1197
895 677
978 422
510 76
716 1525
36 797
1746 870
780 1361
846 456
1882 34
1593 1934
1297 661
1607 1287
488 1726
327 1467
498 911
1236 258
1471 1417
199 1104
1095 1760
831 614
458 1403
1010 1354
496 1023
1571 1817
1543 83
744 1229
717 1784
1688 261
1100 1791
1431 686
1414 363
725 1461
1203 970
5 497
927 1750
1948 227
459 997
768 1185
1575 449
1807 1739
1215 1974
948 1792
1606 225
383 322
1795 516
1568 1679
1983 692
419 799
1589 607
1244 966
1274 918
1442 523
1324 507
840 1508
1370 1440
1529 1750
1410 1753
1191 947
1309 631
545 1970
408 741
508 1168
353 1403
1892 1425
1843 1017
55 873
1760 876
1497 12
1460 1620
1334 1850
520 1304
1655 1719
577 1982
1520 1388
1573 1616
446 639
386 1189
215 449
1605 690
1536 1924
198 155
1355 597
1285 1521
380 1025
628 481
533 472
1565 266
953 1017
1393 1067
1880 784
1746 1130
1825 1505
1297 941
267 1137
620 1055
656 1502
1255 375
29 1451
1274 290
1480 151
1580 805
1512 134
858 1949
465 1616
1286 252
1828 1349
1779 400
472 1455
1501 236
1247 906
1016 1725
376 1983
292 1271
431 70
941 1869
1644 41
1132 1003
292 56
19 1055
1691 1079
1753 752
523 1224
1069 515
421 1888
278 1788
1293 990
615 53
1226 314
846 1474
1493 1623
1971 157
1799 1116
1052 487
544 194
1916 1939
285 71
1286 751
1530 666
648 1442
1772 1799
794 298
1932 1204
1441 1848
1953 1171
515 1735
1640 24
1481 1895
180 16
1551 577
1517 530
1653 1551
118 1819
1106 358
663 771
1341 448
110 101
225 1048
1934 288
1803 419
1046 315
1757 246
337 1760
1604 1143
1068 220
1608 1181
1392 1620
402 1082
752 1734
1359 1191
1084 1356
1203 1200
1720 1981
300 1548
360 1712
180 593
1669 1308
269 356
1586 821
361 249
599 1176
668 1830
1502 52
1264 1783
1585 945
636 246
440 631
552 1064
1367 1332
987 781
1978 163
1655 1983
1014 1274
279 1076
1952 1676
1392 228
1289 553
331 1128
234 1088
1358 754
563 1244
312 219
1099 1856
1006 50
818 1852
661 28
916 923
991 130
1616 256
847 220
1242 1517
947 134
666 1423
1552 172
1253 1437
805 1382
1151 585
996 1598
82 470
561 38
746 815
1485 945
1943 262
1563 1949
1289 238
560 1838
1800 167
108 524
1791 1846
1976 1956
208 18
1299 560
1826 1928
1741 1953
1938 1011
929 858
947 1154
1904 899
1754 972
8 164
561 1824
1031 254
452 863
410 1767
193 717
597 1511
621 744
1764 583
1863 90
1140 1500
1589 1000
590 921
533 1956
1396 778
1920 1054
1313 1961
1116 1200
267 1619
1501 1007
1935 1548
1800 578
815 1580
156 1760
110 239
649 18
72 1753
1126 1768
712 1752
501 1180
1050 280
1071 1909
686 112
255 1879
1567 1132
313 777
505 1336
217 128
689 675
1088 1660
975 159
343 1428
1498 1445
48 592
360 1740
1526 751
1415 1349
164 348
67 1678
1982 271
1558 666
924 275
960 1062
1631 165
44 915
1543 1367
835 1476
709 736
198 1799
142 1512
926 1322
1060 1627
1797 1420
1189 613
581 479
1930 1579
1122 1138
1285 1750
395 1550
1017 1629
1423 1365
1066 1320
284 1096
881 1151
493 1336
1563 389
368 1660
573 1127
1000 1465
1349 1334
1270 1974
1366 1404
1449 311
571 1185
495 1184
572 64
1780 78
491 1429
1412 1981
108 1106
1393 1677
1127 1263
1563 775
903 588
72 1331
1198 889
1767 96
812 1299
1885 1353
1743 1256
1985 1677
815 1423
1172 1058
1229 1961
1781 907
248 1352
816 41
1061 1276
253 1975
972 131
931 102
896 1897
750 1686
577 1645
923 803
713 704
1035 1865
418 548
162 1811
1475 1271
703 261
1106 1576
1072 1920
1181 514
1873 1072
424 966
1823 1388
864 677
607 561
1757 1365
1225 273
1577 952
1468 182
1730 3
130 1327
1331 41
1348 625
210 1129
27 499
572 1482
1895 896
70 1472
1218 1730
863 692
1196 1508
5 1614
1064 1395
1638 1220
1677 186
1368 1473
333 325
428 734
1193 452
1977 515
636 269
1178 1050
1638 295
331 435
1578 444
281 446
1908 412
6 1213
1735 1230
1154 1865
1875 512
919 1955
1583 1646
778 735
871 672
1326 128
1489 394
672 1634
70 1684
111 812
1030 1154
813 205
323 1789
1474 182
897 991
1350 1937
707 1179
1656 1424
571 1880
495 129
1479 1743
996 1064
517 392
1306 1218
1468 539
1967 35
1746 312
259 1343
587 1039
1439 346
778 1592
181 1149
1552 729
1925 294
452 240
1668 774
1042 121
823 699
1725 429
1643 276
1662 667
485 842
1678 967
1809 1600
623 1965
1447 391
433 1469
1611 304
663 675
1932 1826
1802 1680
1662 416
1628 1849
11 1140
555 1427
859 361
172 1774
1545 815
701 1906
202 737
1649 617
377 1617
1675 1729
1347 1942
318 1957
1491 624
1901 709
388 1007
1632 921
1348 1014
250 234
544 1868
125 1613
580 1269
99 1095
516 1467
712 1428
1513 1093
1618 1833
1014 671
728 1398
55 788
1422 1910
781 1847
4 599
1881 1198
1037 1930
1074 1955
1865 934
455 1588
440 802
1410 540
223 1417
1001 1176
95 569
1752 1071
1734 1197
1664 557
1985 1397
187 642
918 1938
1054 1521
1337 568
14 332
1753 783
857 1070
1353 1233
1194 1896
1717 1782
1280 99
1333 609
1110 199
1100 359
219 1674
1890 1363
1173 1690
1481 1865
1900 265
572 1285
329 1123
1029 950
278 1504
1808 344
1315 1689
167 359
1235 1318
1865 1299
1147 1910
838 638
1245 1584
1684 1019
1976 8
1484 1538
1325 1921
1179 737
1933 1883
546 114
1419 102
1839 1744
336 1006
11 414
856 1580
70 1875
964 1604
1275 1750
232 965
67 1730
1501 1944
1004 1429
659 535
627 1909
205 1963
229 1823
719 1276
1521 383
414 1321
1070 953
1371 712
31 834
1191 242
1786 1586
1753 1254
480 1360
250 486
1589 1035
636 783
1072 1509
675 363
148 1510
424 1028
67 977
309 1188
988 1964
1441 76
1592 1790
449 1466
849 319
1231 1930
1759 690
1861 1691
1763 665
850 63
605 888
1205 1428
37 1398
611 891
358 58
1872 1576
540 533
1423 491
1060 677
1440 753
1900 827
1779 305
1949 1040
394 1019
93 368
118 651
262 209
836 811
1781 501
1234 365
1435 594
1377 916
974 1064
966 1
43 1952
1964 1818
1159 1596
1970 844
602 915
637 1176
1196 1419
1600 1973
683 665
1923 1113
1166 242
286 132
890 1454
1487 557
1625 253
1347 1110
1818 641
358 809
1614 1149
1721 45
1771 1271
601 694
486 720
1834 29
656 1634
1203 419
1443 1333
502 1536
1089 105
56 261
979 120
994 547
251 405
766 1117
1718 355
1283 1334
1031 386
288 127
1644 1336
1541 188
1682 117
88 1479
1699 1457
1709 215
1452 70
1276 1653
743 907
531 1089
808 1751
1129 1594
324 1547
754 1553
874 146
1317 311
1831 1021
616 104
1147 389
1840 193
342 643
1250 741
933 1279
1866 133
387 1890
31 591
133 1390
1972 1841
833 1403
434 701
417 1333
174 1782
273 156
1707 405
134 620
1826 1353
1510 1769
177 1410
1916 1555
872 297
272 792
1699 778
49 1485
227 197
236 400
1847 1649
92 644
1336 961
1315 1523
308 1324
1391 1219
886 1131
660 853
1208 749
1191 550
1074 736
1535 153
43 356
770 70
770 691
580 856
266 702
486 1697
1593 820
1437 1396
754 1807
445 1208
1582 1810
996 449
1681 1058
974 656
414 196
1038 783
1420 647
120 757
107 215
1899 691
472 792
918 748
1947 766
1172 399
1839 263
115 1248
146 1285
1621 1856
1730 414
1561 1245
1397 814
1200 1766
957 1167
1317 1311
271 1667
429 1492
1466 48
1340 1599
23 1792
480 838
756 1317
1497 1298
1214 1134
132 1129
402 557
438 1363
1759 778
1543 421
565 1391
1580 1515
155 123
1372 1534
861 996
1466 1306
207 629
1496 550
1008 1661
1088 862
1720 1247
1061 479
853 283
772 1318
912 97
1213 1887
1362 589
83 1613
1169 1621
1663 358
62 1592
1179 1440
1119 1406
1689 757
1823 1734
1149 1683
315 1009
1611 909
86 1157
51 164
941 174
1899 1777
985 290
354 1794
1189 1189
120 1246
335 1554
1928 800
1522 1313
514 1677
41 1159
927 714
1420 50
1389 1358
1614 1185
1144 1154
83 1262
935 1669
643 416
1841 761
96 1333
299 1377
1534 774
1196 1685
657 1766
442 1682
489 1575
1262 889
883 693
520 526
417 1322
1493 25
674 94
210 263
637 378
1982 1907
1822 1671
499 985
854 526
873 1220
416 467
1371 243
1099 2
439 1213
773 783
361 1740
1160 1700
1263 1118
573 344
338 594
224 374
787 1948
935 1456
1497 130
160 1221
1326 1544
1829 402
1466 691
1029 1363
1740 683
917 894
817 1379
1295 455
1982 1743
1117 1884
790 1425
798 1274
392 1977
1636 1122
1269 1700
539 324
1080 148
408 613
600 98
981 349
1871 415
926 1625
692 1416
1501 426
210 1049
1800 307
487 1310
1448 218
187 1658
722 1118
351 1780
1388 401
1894 194
1957 1426
811 1415
890 1166
1016 1644
1918 83
422 390
1262 869
1651 298
1531 775
1205 1539
316 1127
515 731
670 1496
633 744
153 219
1374 1025
1082 989
192 1260
1657 1795
142 1691
1307 1158
203 957
1510 374
327 815
355 1629
1370 1694
77 1455
269 648
912 239
1893 1024
821 1218
196 1393
1190 1573
62 885
71 256
1308 1654
1893 856
625 232
441 1063
1485 1057
37 1253
253 1939
1708 1578
1540 1189
1243 1681
1841 659
177 1217
293 291
242 534
294 764
749 1758
688 1535
1199 827
1203 1031
534 738
100 432
1779 1067
713 1005
900 245
759 99
1905 1425
1384 652
1644 1304
1096 1636
1416 1111
121 1818
450 1411
522 119
720 573
1972 813
1146 429
607 423
1241 234
137 223
402 1396
1196 710
1001 1906
37 1466
397 967
846 1543
1687 530
1892 1170
145 1229
1303 1975
615 1338
435 1064
990 1288
40 1959
184 410
32 768
1442 617
1363 1550
829 918
559 100
933 61
1011 1402
1386 1237
464 756
443 887
361 1964
1100 1464
633 290
836 306
1570 1749
1149 321
865 507
1007 1623
794 334
1577 426
1585 1535
1980 1385
4 766
733 683
600 1685
321 1124
1136 1445
540 948
1929 1929
1164 323
1418 858
1922 187
1489 1762
1256 1502
899 1885
1182 1237
302 532
1173 1505
904 795
1729 977
1621 1417
60 1797
454 102
1242 1647
986 1666
745 1195
644 1504
799 752
1458 682
270 1735
754 132
1088 1150
1962 1439
1435 357
1940 1504
338 379
363 192
1472 290
1985 261
741 1507
1697 1732
381 1446
84 775
1304 1405
974 1496
1984 1576
341 1885
1655 1518
666 1456
535 244
1461 1337
1161 1868
1677 1138
1357 626
1022 1512
1233 101
1985 1062
302 1003
1603 538
1088 1163
502 748
1367 30
973 1765
1392 590
1405 922
1483 744
1782 869
468 99
1135 1851
490 714
1554 1194
1715 789
1232 751
1249 1746
1183 272
172 1975
1974 1952
1310 1006
339 1833
124 534
137 306
1610 1842
733 218
937 795
1700 143
288 1921
825 1560
546 996
652 736
1852 1714
1475 1867
1263 135
324 1945
1379 284
1670 1338
524 205
1392 473
267 1859
1212 804
1343 363
1881 905
1687 671
1523 328
863 180
768 1016
582 1464
202 294
1604 1729
622 1719
136 1029
110 703
1308 1836
1865 923
1411 1817
829 1610
697 987
442 1299
945 168
776 967
821 1270
1261 666
1102 226
1118 939
1764 1960
618 274
41 879
102 1856
1944 1826
1571 187
1112 1026
552 160
129 992
567 273
1503 1760
1219 588
532 162
932 1364
1677 515
175 577
261 1909
533 230
96 538
1239 542
1401 1757
1214 982
1623 1383
1130 1259
1708 158
377 200
302 615
1497 284
1328 1078
1891 795
992 1685
916 684
1925 590
1051 1642
1004 1324
389 12
183 308
560 726
1832 697
946 393
534 6
1350 57
1369 230
1236 1138
1162 1889
594 678
1943 680
1028 802
988 1750
455 1435
1337 1688
139 207
24 1953
1251 1524
1086 1181
1770 26
679 90
1716 102
1317 1019
455 666
1669 1719
796 60
1059 1945
74 1111
624 898
1738 256
361 39
689 198
508 401
887 1791
915 109
1233 1152
1193 757
1693 133
617 344
1249 1494
1154 424
238 982
1045 641
1712 747
68 1749
68 1895
330 1831
632 1004
139 4
1539 684
1825 1224
1466 1486
1367 1679
308 1067
265 177
1660 1566
681 1021
1337 276
1835 1897
897 1916
774 922
156 376
1039 1878
1206 867
826 668
1383 1946
1256 550
1148 1353
1522 269
756 1640
851 1807
447 756
436 1814
1678 767
752 1212
1476 1437
206 762
1150 293
636 1758
919 617
294 318
1743 1452
1528 1871
1039 494
166 490
1745 1055
1195 1686
1887 1046
465 816
1635 1175
1318 1915
485 1682
872 114
42 1491
1962 1694
1426 1562
594 97
1092 1208
1455 1076
1357 9
594 193
1697 833
993 1490
1094 1876
1139 1566
1668 1939
1346 410
1192 1361
379 715
810 73
1545 1520
1245 253
1939 647
281 1726
856 1941
1543 1148
690 1058
877 908
760 1928
1396 1214
1378 802
564 1778
913 74
211 1834
415 518
848 1311
143 1215
1373 1345
1903 296
1453 76
1293 1128
621 1283
1799 151
730 283
1791 298
163 712
858 992
1252 894
217 512
749 1612
185 245
1517 783
497 112
838 807
919 581
420 407
1468 288
1978 532
622 1069
1738 1420
1245 1791
1948 942
627 1774
1264 1206
1563 1655
768 835
1270 46
836 1979
185 1973
206 1543
1853 1194
1704 927
221 112
1191 793
1265 876
903 1172
800 1911
519 1523
1334 1318
1147 633
631 510
1185 1755
799 1645
1764 421
825 74
667 1067
304 914
262 1237
1304 430
1565 1306
1896 600
1699 1495
137 13
1351 853
1717 1261
521 1612
1980 854
1037 1550
161 646
1035 62
1437 1601
68 1870
1540 22
1702 1056
1279 1335
1620 115
343 1062
402 1873
69 465
1351 462
1177 453
1508 800
1696 1880
1161 466
226 447
512 502
1109 1622
564 677
1023 889
1271 325
257 337
176 1187
1713 427
58 1039
1272 1879
1723 127
96 177
1794 1415
1650 985
1974 745
555 407
63 722
399 610
697 1236
372 56
1848 30
704 1744
1806 394
1708 555
359 489
1098 228
933 1436
771 692
1123 1954
1258 1139
1525 1266
1040 1214
982 87
437 1002
197 1574
80 292
1695 450
196 621
784 883
1306 173
1178 1409
264 1065
458 1811
88 1711
1027 339
1849 1051
796 1022
618 88
97 661
1284 1458
736 1835
1358 1366
819 1438
1002 1602
1558 92
1840 1076
57 1202
1365 621
971 496
1570 1267
626 972
1052 1090
1810 1674
296 218
1767 209
1459 498
1244 1260
202 1925
233 981
1382 769
165 817
30 1016
954 1709
878 968
1024 1763
1626 879
933 1741
75 1529
316 775
1554 290
1094 15
799 1865
1774 806
1108 585
303 525
1367 804
992 1538
566 1004
46 724
1403 1475
1724 742
755 668
1421 497
669 1601
1581 1219
1593 517
777 433
323 1531
981 1888
341 1765
1682 474
332 1081
383 802
1556 134
110 1899
274 1397
1034 704
1975 1981
1439 1266
16 1751
996 344
1264 212
777 1393
167 1707
1145 1498
1098 1837
523 1717
888 1163
201 533
32 546
1500 976
1346 1383
1876 997
1740 1446
140 1124
1773 496
1124 766
1687 720
251 1194
656 946
1945 836
922 1122
386 530
1506 909
795 92
1038 1612
1591 1893
1120 935
1947 768
235 1610
1264 805
759 970
853 1457
640 1036
508 940
1373 1915
1863 849
1694 1130
1966 1459
73 649
1359 394
237 876
1908 129
1950 1601
717 8
489 1406
1685 1898
1559 1936
398 308
1315 384
1089 1403
265 1021
1775 547
283 1678
180 1186
1563 1476
1219 1700
1161 1696
1637 945
102 1043
1849 14
1318 1674
1660 1477
1668 22
1404 459
1136 413
211 1142
221 281
309 640
601 1243
1647 1608
484 1575
1930 1528
1000 903
1558 929
1929 1794
203 1053
1458 1579
1635 1441
698 210
1703 1429
1395 178
225 1315
1983 502
1124 1335
994 115
396 408
1473 631
26 334
1166 1066
672 21
1632 1913
1016 476
420 677
581 1300
1550 684
1447 1616
1332 846
676 460
446 359
1349 1904
212 1607
215 493
1963 1629
658 620
1011 974
563 360
1038 500
1131 1331
86 570
1457 1812
1006 216
1513 1876
1524 1892
196 1666
584 1764
1487 1087
1033 158
953 675
457 999
1338 1426
461 1327
935 1513
1399 1228
350 474
111 1706
1572 651
428 1280
710 1228
90 1204
1827 93
1950 1114
1034 770
1740 1408
1684 360
493 1169
981 1140
1812 1944
1026 917
1154 1342
594 444
299 202
1677 99
1416 1205
1837 1325
1735 927
950 294
1198 747
1922 278
548 1566
1579 691
453 1905
531 325
1788 1810
65 1461
678 1049
871 559
488 763
858 1610
1278 1443
240 782
1098 250
139 646
1677 161
967 440
765 1455
669 494
850 1934
1222 983
1872 890
1025 1290
55 1472
1305 179
1499 830
1025 1483
947 79
1827 206
1914 1818
1126 777
418 950
235 662
443 1156
1763 588
1295 318
810 1504
1053 412
1514 264
108 1592
508 1581
932 305
1711 284
218 1271
453 929
1012 977
1359 833
332 527
1773 154
1489 937
518 1847
668 305
1935 1405
352 914
601 1126
1709 1961
1154 567
1346 807
1715 659
1044 514
1102 1493
1412 1762
1040 578
165 794
518 528
530 349
1191 315
1941 240
577 1272
177 1393
146 1853
55 1064
1242 1458
1337 1139
638 155
1431 446
895 1490
700 1918
927 955
1583 791
1639 1851
1453 874
1500 120
970 1112
1321 262
802 532
1945 35
311 1784
1944 226
919 1548
1076 38
458 1782
824 1900
1244 1106
1853 1770
202 637
1541 178
1923 199
517 182
1236 1844
420 653
376 1284
1874 58
685 1834
266 389
898 1664
1159 696
1143 1657
981 1075
634 1137
64 1809
398 200
694 641
1938 188
1119 449
1496 1720
306 931
985 607
903 994
261 1147
618 440
1619 1248
1679 1032
772 669
201 442
1277 1524
1480 1750
1204 1642
1167 628
788 241
1308 1302
547 890
267 229
9 577
874 1304
1544 745
120 1526
1576 603
174 434
1435 577
1557 22
861 1614
396 1240
1750 1050
885 1438
1649 146
532 1429
1252 169
1622 1265
228 1410
810 321
38 1731
1055 1552
1360 940
705 1850
633 1402
254 6
1005 277
1146 1195
1517 1104
213 603
1619 641
1777 1231
521 253
393 1516
1714 1745
1048 492
378 12
1512 136
976 1035
1693 751
915 895
1883 1329
1762 1406
490 142
728 1914
253 844
1864 49
740 459
795 116
1154 1643
1471 1413
1554 602
1805 1314
1419 1153
33 1245
1698 1021
1936 917
1675 1044
1856 1734
921 1712
1538 752
1968 76
592 354
270 458
676 473
414 1584
142 323
719 1930
150 1689
1186 961
191 1027
90 520
1735 412
1639 920
1580 420
1149 1206
253 900
1825 165
577 688
1503 1155
1115 1872
522 1218
18 936
1649 845
722 1797
61 549
556 1895
1177 1398
72 1011
1837 1395
910 474
1817 1633
726 1208
1273 797
726 1341
412 1969
1365 687
810 991
108 437
437 1080
1936 946
134 767
1344 66
1104 1511
224 933
58 1441
23 1861
903 1201
712 273
1460 293
572 910
406 1182
416 1181
288 504
725 850
1548 1300
720 279
296 772
1376 845
1592 1795
1309 1323
1645 1065
1517 1476
467 1571
685 496
210 931
1788 1852
1970 1577
451 1204
1689 1761
1287 1975
1555 434
117 1267
497 1593
951 83
679 1022
1664 1904
1122 1761
234 279
1961 818
135 1785
1356 18
792 1705
515 1533
1226 1230
1368 1245
1822 566
1802 1841
755 612
416 794
935 1516
1778 490
1940 1009
193 1627
892 643
729 913
489 98
1843 597
474 1790
1914 346
1668 844
1324 889
1486 1017
1754 1185
1880 1663
900 1848
1776 1180
1168 332
1796 140
1824 686
769 846
1306 990
840 1711
831 746
449 931
1203 1743
1807 1908
1912 786
1009 1672
633 733
1341 258
1392 1397
853 1343
718 924
1234 123
104 977
12 958
936 602
1998
399 1951
1659 1822
1769 1663
1770 7
784 152
1186 1738
823 190
619 1796
692 269
15 1335
56 689
50 60
796 1130
1439 697
1033 54
1176 1820
810 1034
834 147
1685 939
1607 220
683 1143
1827 510
1205 1617
55 904
321 1638
21 1881
1736 1552
348 1348
575 212
959 1712
348 297
1874 657
1844 1368
14 1613
516 408
1101 865
1327 1499
1812 1375
151 1486
1204 661
1870 492
1091 223
940 525
728 234
1929 978
609 229
64 533
954 1094
425 1284
1378 1044
1534 1780
174 690
625 1923
1799 881
1326 288
741 1219
224 528
1607 598
1249 254
653 1121
1168 1388
178 533
608 412
1391 1552
1573 1883
63 1518
1132 545
821 1479
797 1225
1728 1478
1732 697
88 1748
1268 432
951 211
818 397
136 1862
1338 566
185 1280
694 1316
915 1876
1698 690
64 637
1972 57
1855 1907
1252 1322
1058 1418
1487 425
1934 616
1969 283
1197 1249
426 1921
1774 568
681 900
834 863
1546 63
1867 423
1268 292
872 325
1847 240
29 1205
742 318
1696 1062
481 1474
898 561
1882 1228
271 1466
23 1578
1263 427
950 420
1472 611
882 907
1658 461
1750 1637
152 1554
314 1404
212 1893
1708 658
1326 1112
1766 1640
119 1693
1764 1501
1123 1420
1632 605
128 923
1409 14
575 345
1827 1287
471 838
1734 301
503 603
1749 10
1671 1674
1596 260
147 985
186 1493
1295 1157
340 1368
564 1567
1281 271
704 946
1427 1315
1550 447
1262 1649
111 1813
186 99
1409 1182
834 596
1372 816
523 1437
1237 794
753 601
387 488
270 669
1579 241
1130 1516
1217 1631
1330 1954
1365 780
1032 616
78 326
659 988
731 979
1698 1172
805 98
150 374
1848 846
1176 920
661 169
1447 1871
1976 273
1723 1114
1976 51
1157 1405
1933 563
830 1654
152 64
1296 1770
414 47
638 447
702 170
536 33
944 1810
1169 1521
1863 1810
1556 98
1026 685
1721 1977
1903 106
511 1743
804 147
438 1309
1213 865
800 673
1279 1192
550 1366
408 421
540 902
1975 1480
1980 1200
633 1144
1213 1363
1370 1358
729 1356
1952 1263
692 1457
1485 439
508 1935
1114 28
404 169
661 1007
298 45
1462 1808
1730 336
1355 1086
52 1620
1146 1329
481 1966
1564 1548
1386 1772
66 1864
730 1974
934 1142
373 1723
822 1486
1892 330
1872 1805
425 994
1092 1981
1925 236
111 596
583 1919
297 1403
1407 1736
1564 1461
513 1603
2 651
1239 1781
687 105
797 1370
1826 916
1646 1084
1488 1777
1833 776
158 1525
1554 800
371 5
549 1881
368 353
1844 1399
1826 1535
532 562
1200 93
1317 764
748 934
1590 321
1890 1834
855 662
1806 248
1901 244
1461 1311
665 1904
1463 551
1658 158
333 1227
1439 1510
140 859
1258 1551
1613 599
384 1263
159 1410
859 211
1453 815
1959 1759
2 1270
507 402
430 1762
1628 426
1096 66
892 1095
595 786
143 831
126 616
1053 730
1199 1357
851 1009
765 1614
1525 1563
489 1759
1268 237
386 578
1290 1046
728 1835
13 1711
1080 810
1015 427
1604 1615
1328 836
326 656
1128 1550
968 781
1322 679
1858 1735
1277 324
914 777
1837 1835
161 279
1963 1817
1095 1981
1194 941
941 735
1514 1129
1614 625
1667 711
525 1029
162 1698
207 1422
913 1550
1787 198
952 1893
1630 351
645 1575
197 1851
118 1095
131 1284
978 800
1581 377
240 1092
1643 1148
1234 679
1572 988
980 1573
432 119
474 120
545 921
1951 1363
1102 1181
1746 176
142 382
1001 359
1344 584
97 1026
756 421
909 1327
534 1443
673 1429
160 1828
56 477
1482 581
1920 757
1477 1548
1747 1695
933 151
1016 981
1182 1582
1372 1360
1819 464
1744 1699
933 105
1440 1920
532 1890
545 1695
216 1626
470 1685
1806 1108
105 150
545 422
730 979
1500 113
1495 799
1462 365
430 1976
1228 1129
1552 894
16 1189
972 1447
1366 591
140 1516
1014 127
713 1184
894 768
314 1698
778 1618
795 776
1507 1865
1067 143
1364 1817
777 456
1207 21
1600 585
599 1009
1329 1953
1659 618
1955 302
963 1407
246 1144
1753 1573
722 1108
624 1008
1720 177
394 1175
524 1275
277 1837
313 1470
1887 9
1673 245
1627 903
1381 746
1709 267
279 1548
1148 1683
1192 1578
256 1579
1707 1087
849 754
1911 627
268 512
1009 1917
184 426
1773 1012
1653 1551
1626 62
549 1925
161 886
1155 1268
1543 998
12 1671
1954 385
880 1309
259 84
923 1369
1096 1373
469 1746
365 1716
1471 1053
1358 503
817 221
1387 717
1463 106
872 1381
688 138
1934 1367
381 1490
1476 239
1522 1848
68 1877
1604 170
630 1697
1974 854
855 1260
362 1811
1520 807
1921 1742
473 1334
623 1825
1863 394
369 804
1927 116
1313 208
745 448
152 1219
524 789
339 997
150 1336
1056 1285
472 402
1856 1309
1168 1721
416 1153
929 867
1328 131
1520 1191
1338 1726
1584 344
1329 1235
877 1830
739 1631
11 14
1668 942
1697 458
714 489
635 1604
1410 1681
1906 1597
1140 837
1978 1518
351 563
1175 1900
1522 306
535 913
1285 1629
268 1319
1016 553
913 1052
983 1731
1647 112
1339 872
48 496
721 1250
585 1956
1596 884
1363 1317
1884 131
370 1200
1323 277
1049 867
291 1120
104 383
1692 1918
1379 167
1591 774
608 544
1776 302
1122 1578
1763 979
29 217
1272 813
666 153
1900 1251
1934 151
1766 184
1094 678
1853 1846
787 842
995 1667
1816 492
246 1110
978 1575
1962 553
274 1893
1646 799
594 1144
166 768
970 1546
843 184
1136 1512
674 447
1438 1891
393 400
1338 1772
1470 1806
1093 721
1163 924
1852 1972
1054 774
1074 1441
1181 741
1390 528
1891 1794
1854 1301
1408 1395
1770 1043
80 600
664 1422
398 433
1001 667
1009 224
1510 504
1140 1836
1950 1213
1011 1692
155 1235
1488 329
1903 554
1679 592
178 1298
545 1597
811 654
358 1486
1731 225
304 85
1468 1470
937 654
1062 1528
1357 1449
1554 743
1086 1349
1538 1538
1863 1409
928 1756
1609 715
1419 933
1358 823
258 1395
929 1897
960 1560
424 1819
957 1269
697 292
1752 720
806 555
1794 1585
214 1462
1672 1581
1484 1347
593 744
1747 1582
1529 1476
710 1167
269 1719
598 1626
906 849
1640 13
184 396
1168 1150
1978 1297
911 1849
1932 545
999 1886
26 1833
1968 1287
1376 878
1383 913
889 1083
1474 135
1719 1431
903 1689
903 827
1839 582
769 1327
1515 1704
1470 1119
1465 1504
364 1678
865 773
1047 1366
1470 1467
1007 1601
246 591
845 569
1926 264
721 1737
277 424
1893 365
505 903
220 1024
146 1811
1024 692
341 1570
1538 682
1314 1261
1151 622
1654 625
1862 1318
147 122
1856 478
1829 1608
350 655
846 1441
1605 791
1858 829
1272 1077
2 939
1229 834
539 1408
260 1239
1277 1557
1124 1719
1128 765
1579 811
599 1932
1097 1673
1957 1333
1260 1965
1659 1340
739 499
1448 1967
859 1437
1489 440
1358 644
1429 370
731 1827
1407 1462
1423 201
1508 1316
394 125
1838 124
1338 1267
1037 1475
1148 1022
854 1954
1187 1640
1919 1445
381 1825
1501 240
1827 1378
1048 1776
954 654
1062 360
1096 1093
1917 1368
36 1928
1398 1377
1007 1923
1746 635
558 1502
345 711
80 1629
1791 867
205 1351
744 674
1459 1028
443 103
136 19
1210 1773
271 479
1934 238
655 697
488 357
18 808
1705 224
940 534
1777 80
601 95
851 213
879 226
1132 1708
1875 1472
66 559
894 283
1283 713
1756 1227
448 1385
1405 191
708 1839
802 817
943 1023
1444 556
219 1742
1404 69
1951 1884
295 1895
505 817
512 1728
1573 1005
1806 351
1949 444
142 197
668 1549
588 1504
227 1644
1558 1980
1604 123
1794 1867
180 1891
1222 784
764 244
1240 48
866 972
1128 558
196 540
1859 802
475 625
980 1561
799 1644
1590 17
963 51
811 365
1489 3
1 1466
1867 22
1851 1003
1511 461
1236 1924
68 1921
1440 541
1831 1459
391 292
1269 974
1518 1018
1166 109
1601 980
1061 253
845 1166
1911 1589
423 925
1979 55
1552 1914
220 1543
956 420
1232 1398
558 1671
1357 1691
142 1916
914 188
484 1408
962 1164
79 1855
715 1425
432 844
830 582
1493 409
1056 1829
1807 453
64 109
559 930
419 640
1452 1802
858 772
1632 1350
1006 1171
1769 1585
1705 1874
1413 749
296 1687
240 66
339 1955
1491 857
398 1010
1679 1180
1615 586
435 351
1977 1328
1046 880
505 1349
1428 1213
1288 787
1736 168
312 777
1490 1974
191 919
985 381
1967 1301
791 907
779 1197
1929 1585
84 628
785 643
1346 448
607 1258
1871 1804
712 1755
1350 1786
930 114
1951 545
1950 1476
1509 65
1577 1891
1929 277
1793 1033
1661 1783
875 217
848 228
278 1363
1464 300
1280 281
1957 1735
1270 604
1169 764
384 779
146 1699
1193 1002
202 1784
881 599
1156 284
309 1616
806 523
1972 663
611 862
192 803
1563 1412
1421 291
207 646
23 25
1928 932
1709 201
90 1195
1343 1195
1768 1290
1414 746
784 379
400 550
394 1231
1843 703
1022 422
893 317
811 1286
355 1906
208 810
1805 557
1893 1123
1642 705
1561 283
1579 140
1726 209
1110 1535
248 1435
661 1351
911 713
1779 593
343 667
1669 539
324 566
1499 1950
495 19
3 465
1775 958
446 1651
186 315
647 497
1834 208
1706 580
1355 1293
525 1016
1371 1450
315 1837
1692 486
1559 1526
57 1040
1163 246
932 364
1587 1631
1270 1379
866 527
267 1238
1757 1464
590 1302
451 580
912 454
1238 172
395 1219
661 1926
701 1694
1820 32
512 1548
1130 243
866 263
862 1541
895 1074
33 1105
804 229
1187 978
1972 354
675 1713
302 117
1290 1098
106 362
890 149
854 1882
1320 1560
33 1270
585 1062
816 255
1890 1946
1702 1805
632 1673
1909 1603
1408 1981
1284 1134
6 395
1708 369
721 1462
955 576
861 1880
1336 688
1649 1276
644 1167
1730 920
1126 312
943 442
1324 478
883 1540
1133 1827
711 776
129 1259
1111 960
493 554
997 1681
359 737
67 1188
959 154
812 1342
1596 1518
1897 1610
1359 516
1977 730
1469 278
489 1831
1696 1569
363 778
1605 1576
367 1035
1569 134
1100 169
1139 193
814 373
1961 769
1518 704
1368 1019
1781 213
421 351
592 554
1524 1198
1896 1314
1093 1602
397 1251
1967 1048
1631 1767
1212 336
1388 1497
314 17
430 1736
1862 1318
1200 782
182 660
344 1413
1642 1766
1706 946
1312 905
1845 881
228 1921
773 164
749 1434
1549 198
356 1565
1689 1863
1185 48
634 763
1182 249
530 662
1969 1869
1519 1604
341 127
1453 513
1095 786
501 1888
1337 1242
577 1717
1921 1625
382 494
810 1558
1360 789
1547 1395
486 478
1341 429
1954 1194
824 1258
1113 1457
1618 1867
44 583
1512 280
1086 1674
1823 406
236 984
298 375
528 276
1188 704
1839 968
440 334
1251 1556
1181 1920
1000 85
250 1239
375 1591
351 463
183 639
945 1243
1541 1646
55 190
1614 227
456 762
925 339
1550 1701
1101 306
654 1972
1417 1971
827 1151
889 1796
1035 689
522 840
172 1270
820 1427
668 1199
929 435
1876 1676
377 174
823 1841
568 1255
607 1825
165 857
1829 1082
1383 539
1955 176
1169 1667
1462 299
925 1046
443 1644
600 1723
1554 840
957 1294
1629 1605
754 1705
1605 1660
1825 1579
257 1572
539 1293
72 1808
1741 1517
7 1727
934 602
916 986
804 1492
1728 1696
312 72
1128 68
48 1333
347 1020
1346 753
1218 1208
1658 516
1874 1687
1438 1472
841 1587
1497 695
1742 1979
917 1715
1352 1478
1252 184
460 1921
137 95
31 1822
627 892
730 820
411 1569
897 403
1015 5
882 1213
1636 1961
777 521
371 60
110 1468
126 248
1210 92
485 1002
380 1864
560 765
777 1534
172 403
152 553
1545 1639
636 875
452 830
1575 470
322 387
476 1497
1176 1879
650 690
1372 1609
960 462
1254 665
1922 1871
661 995
1949 1407
1629 185
808 1448
85 792
318 1048
100 377
194 1123
1037 810
1017 1220
1565 1384
1562 1333
1266 1380
1566 1630
1726 233
1976 1573
1242 285
813 904
1281 273
1770 960
909 480
1273 467
1265 395
1797 1307
1673 404
540 1213
380 1193
390 822
1116 1153
1939 184
976 1849
452 1838
349 1971
858 772
1597 1208
693 205
1787 578
135 938
769 704
633 974
9 751
1132 1146
538 678
1126 1467
1381 546
467 1755
203 1553
736 1913
1884 1336
1030 1516
1707 691
1433 688
1400 819
1786 1755
1824 1513
1494 1367
1205 805
1324 1606
645 1494
530 1764
1947 971
635 912
371 653
1363 326
4 1525
604 760
1774 342
835 255
518 966
269 652
1276 1611
185 1974
688 1081
1099 1675
1357 301
894 27
677 1303
299 1935
1290 1574
1721 1409
4 129
1170 1787
1372 245
1093 1828
321 1587
381 184
128 1379
1267 498
1430 264
497 234
145 398
1356 402
1634 572
1698 1089
793 1895
1305 1301
1631 223
469 1129
1079 589
378 1946
683 1607
1810 434
1293 68
451 1158
884 556
584 1840
1092 867
517 1328
1483 737
1167 659
1656 100
448 875
898 1781
1678 1401
1181 256
1671 1728
434 1516
1207 385
179 1358
183 370
1970 116
317 1687
1513 353
827 1716
650 764
116 1560
1225 738
495 760
393 178
1120 385
295 1779
600 989
1402 779
1351 1011
698 25
710 352
1001 1085
789 1434
756 1917
568 1111
637 703
1231 188
1727 1676
1526 1022
1840 1751
891 1614
127 340
563 317
331 397
1786 546
676 128
535 1014
1587 563
472 326
9 678
1039 584
1716 1589
1855 1248
623 649
1572 1204
1686 1369
919 1064
521 617
887 1434
295 1019
433 1596
1868 366
1963 1850
1041 1521
1690 1324
253 1454
949 1594
1189 641
1041 1247
1681 1925
629 689
1467 922
388 842
1010 973
539 256
1713 1049
582 910
896 714
1463 1240
1151 792
1832 943
460 1136
1526 105
625 1464
730 1080
1402 1131
1274 1830
793 650
462 1158
1115 1283
1343 716
1071 882
1971 1545
1721 897
934 906
1150 784
1287 236
1262 838
707 1564
290 1243
1423 1016
104 1578
783 369
1445 1241
1129 1223
211 940
805 297
1793 1248
1568 1228
1858 1065
991 1871
298 211
1805 28
165 1371
1970 1794
85 435
1317 1419
1357 725
1701 924
1764 1891
1555 667
1178 1128
1072 275
1753 1234
889 1795
586 1068
1770 314
1881 1900
507 1522
225 1480
258 410
644 1589
736 317
853 1853
955 1154
828 1771
676 1574
920 452
793 1506
1270 1768
1908 1928
327 1174
1316 1712
915 1468
1380 1915
1002 153
854 1761
14 1511
600 6
183 985
1225 1457
1051 353
1686 935
1693 1485
1060 1360
1329 1572
1817 111
1034 1013
1243 156
1970 310
143 649
1633 349
1643 42
15 1755
881 1249
1871 1448
609 1756
706 175
270 21
165 1396
264 1855
75 936
424 1867
1226 1232
316 1345
1786 1733
769 691
1953 1806
828 1211
639 173
858 1024
1367 721
947 1456
448 646
1504 1969
1069 121
420 196
480 1387
1699 884
1794 74
1133 1904
797 841
20 1838
104 1039
1213 538
1281 1454
1206 398
104 787
193 620
1342 1603
322 501
1191 385
197 776
1420 793
1738 1230
1261 938
553 1445
1663 1096
1558 83
525 1462
657 444
629 1480
1746 482
649 111
1527 377
286 265
963 1576
955 988
521 1032
1665 188
1357 893
699 732
1522 733
545 1883
1884 30
1664 1009
1794 104
1788 1961
1146 917
401 331
1842 352
1666 1854
1655 1700
1019 799
1075 728
197 1207
387 289
1544 1086
1209 51
872 1082
61 935
174 174
64 225
220 1575
135 1111
1428 1038
1055 546
267 1573
1257 1594
372 443
1689 1801
1347 1259
1979 473
176 772
970 432
783 46
1215 954
1132 1428
339 743
966 1658
419 614
1589 1556
705 1705
1614 1008
395 1159
1008 337
118 792
1908 1012
1824 190
941 490
1580 1886
1030 269
503 1015
1307 714
450 775
1315 840
310 201
450 1868
1114 1098
1977 80
788 1776
1172 867
862 979
319 1463
114 1921
465 433
476 1508
116 1456
1056 1591
705 1871
267 514
566 1981
1744 1707
1529 1560
823 1293
414 615
250 1925
804 381
1011 918
267 600
1234 1819
1489 751
1778 1184
1769 1285
1544 1659
399 417
343 1715
690 372
1842 259
533 315
1569 1041
1745 1313
110 1224
421 1393
1197 1864
1059 1805
1800 1309
1454 1494
340 13
693 990
1033 210
942 339
1805 1621
1797 656
1848 133
510 1536
31 1567
365 477
1324 1748
333 384
175 851
710 76
319 1925
183 675
1884 809
1345 1883
176 1873
544 1433
118 570
703 1602
1322 649
1190 929
1599 610
1159 830
1764 1133
254 546
293 671
1115 1411
1881 1951
1924 1112
1494 843
1730 1307
887 458
1714 910
1548 875
1747 693
454 797
1465 1247
609 1225
780 57
1099 1224
434 1443
1081 1377
773 433
992 1570
530 1379
733 1860
673 588
243 366
436 325
1170 544
954 1825
1145 66
1504 1027
608 479
216 1362
754 1409
313 1278
140 1037
842 543
992 1580
1741 365
1296 1919
575 864
763 1071
16 1498
1529 358
455 1022
694 668
1289 1457
1494 42
1805 539
230 1268
1717 1373
1143 1857
268 1685
195 1943
1309 64
696 1463
1085 1591
1196 1033
958 544
115 811
1278 946
1854 1867
835 1617
352 1446
1085 351
1186 262
162 1031
1502 805
1394 1810
865 1789
562 715
1966 331
868 269
135 1396
567 1180
1544 1435
1267 657
530 463
1702 460
913 1276
1618 128
402 1184
742 257
880 316
1716 217
1405 347
1683 1256
103 1290
208 1611
583 979
100 580
292 1770
64 577
1657 499
1657 274
853 1538
344 176
1575 1696
1568 1099
978 1445
698 648
967 522
104 436
711 1568
1341 1106
1823 138
931 1104
1961 1141
1280 246
1792 421
923 1646
1279 854
1373 1463
941 1332
800 1402
138 391
1522 1786
557 391
721 1589
1784 595
216 1093
1978 1181
672 1082
1428 393
496 598
1262 959
1576 811
1749 189
604 1553
1427 992
192 1647
1606 821
429 1527
165 1801
1072 331
1123 1822
560 1172
1585 908
1566 1021
380 1688
890 576
1518 1042
556 431
1506 178
791 310
1845 1585
881 430
1820 1011
1172 1296
946 861
1434 1324
514 169
1011 1489
700 669
1642 898
1802 1264
644 1185
1193 1010
353 1565
1194 1769
1563 1357
1024 1875
577 296
1935 965
1536 1515
981 400
1803 1617
888 1214
1794 580
313 1464
1725 598
221 1089
1802 1555
1850 232
1528 337
968 256
1391 1887
1358 637
263 748
1096 379
837 585
1943 894
1582 1538
1781 1865
915 839
106 548
713 1881
199 1537
1776 1067
592 679
1414 35
886 133
563 1391
1380 158
1473 411
1696 1514
1383 382
366 51
726 1400
523 754
1890 1952
1641 1324
1455 1528
747 1216
1128 1473
1907 1890
1213 1913
436 825
654 1412
1587 1117
1773 989
1814 785
1951 1219
130 615
1546 629
699 1720
1925 1151
581 625
1655 680
1942 1743
1415 131
845 1700
376 1725
174 891
884 704
817 10
141 951
1542 1008
1865 1457
432 545
1096 1224
1934 1593
76 1525
813 1910
85 1881
1339 630
907 1289
5 1320
141 1567
1881 724
1240 903
50 985
1415 175
1202 247
855 1493
476 927
145 1831
802 229
99 59
254 970
1526 47
1391 1607
51 285
1809 223
1522 1732
994 1083
1448 1795
1681 1489
789 930
1216 1103
1689 1447
1438 38
104 62
1148 1137
879 1530
1134 908
1950 260
1966 1518
1116 184
1185 1203
843 1068
1637 1370
1085 1049
1421 136
1331 297
1295 848
1736 1420
1671 807
652 1660
708 821
1419 892
765 375
701 1113
1389 768
1724 625
1252 1468
141 766
812 431
1521 1154
836 680
1868 656
217 102
1420 757
1893 1319
77 1736
841 1806
1890 1725
455 246
6 1025
509 1282
591 1164
713 1879
73 1045
12 722
391 1139
1159 1264
1247 645
943 1374
1158 1777
1098 1769
494 444
1906 1329
1826 1338
1584 429
1432 1385
699 1770
471 570
1681 1301
450 1820
1432 769
1633 269
871 1875
942 307
952 1536
1213 1652
967 1796
1247 220
224 1845
442 1227
1786 1615
658 755
1484 1049
1062 1246
1734 1209
1546 1480
838 1932
481 1189
1035 1679
26 400
995 969
1515 1889
221 196
1450 183
144 539
1325 247
128 547
122 594
1867 651
472 1388
1051 238
1055 1083
1117 375
320 983
79 1209
1398 1724
1866 18
1182 176
1283 1442
211 1675
1507 1836
1054 59
888 1721
1744 694
203 670
1840 1758
385 855
310 1673
74 327
1396 1497
1189 487
916 286
486 168
1630 1510
565 234
1749 377
1253 180
1110 1329
300 1440
1736 300
316 760
1058 1428
1619 1085
550 49
1319 1191
1607 467
1114 1475
1681 504
1443 570
1429 634
964 341
1272 619
574 1465
1089 11
916 97
1918 949
1084 239
1344 1538
1872 1129
315 466
1236 1244
