1938
1928
1913
1915
1937
1963
1898
1877
1887
1889
1928
1980
1894
1926
1964
1939
1973
1931
1920
1912
1840
1935
1929
1920
1934
1940
1916
1910
1902
1917
1833
1928
1949
1892
1877
1919
1985
1940
1940
1941
1934
1922
1949
1928
1961
1901
1946
1930
1906
1884
1954
1935
1947
1933
1885
1901
1895
1955
1924
1891
1910
1877
1918
1939
1904
1868
1962
1890
1922
1963
1911
1940
1914
1885
1905
1880
1897
1857
1882
1881
1987
1893
1970
1936
1886
1932
1912
1967
1906
1950
1906
1968
1923
1929
1871
1895
1942
1858
1929
1925
