1000 100
1 2
2 3
2 4
1 5
5 6
5 7
6 8
7 9
8 10
5 11
8 12
6 13
12 14
14 15
2 16
12 17
4 18
9 19
2 20
17 21
10 22
19 23
16 24
10 25
18 26
7 27
7 28
13 29
28 30
6 31
23 32
31 33
21 34
13 35
15 36
5 37
27 38
4 39
32 40
15 41
4 42
40 43
19 44
18 45
34 46
19 47
8 48
32 49
30 50
19 51
48 52
33 53
15 54
34 55
18 56
36 57
3 58
56 59
36 60
59 61
56 62
60 63
15 64
51 65
29 66
11 67
63 68
35 69
14 70
39 71
41 72
46 73
50 74
70 75
71 76
75 77
69 78
58 79
62 80
29 81
28 82
78 83
15 84
47 85
57 86
59 87
8 88
73 89
48 90
29 91
19 92
56 93
75 94
44 95
28 96
35 97
17 98
25 99
61 100
42 101
87 102
6 103
5 104
19 105
25 106
73 107
68 108
39 109
64 110
57 111
27 112
74 113
31 114
35 115
61 116
30 117
102 118
116 119
100 120
73 121
29 122
115 123
60 124
37 125
106 126
72 127
34 128
87 129
33 130
93 131
103 132
95 133
51 134
17 135
62 136
31 137
9 138
108 139
77 140
138 141
89 142
76 143
12 144
16 145
11 146
4 147
17 148
139 149
84 150
139 151
81 152
19 153
120 154
95 155
139 156
153 157
116 158
44 159
1 160
56 161
23 162
42 163
78 164
38 165
99 166
10 167
41 168
10 169
54 170
41 171
32 172
49 173
33 174
59 175
47 176
86 177
91 178
60 179
158 180
5 181
137 182
3 183
54 184
160 185
149 186
39 187
169 188
29 189
173 190
88 191
100 192
110 193
138 194
174 195
63 196
70 197
127 198
84 199
128 200
115 201
39 202
143 203
57 204
112 205
101 206
100 207
167 208
149 209
18 210
64 211
106 212
197 213
94 214
82 215
155 216
87 217
158 218
212 219
28 220
44 221
26 222
34 223
102 224
96 225
24 226
115 227
66 228
7 229
200 230
17 231
15 232
202 233
18 234
207 235
45 236
18 237
91 238
61 239
136 240
53 241
14 242
222 243
209 244
134 245
119 246
42 247
56 248
73 249
233 250
12 251
139 252
115 253
238 254
244 255
184 256
119 257
149 258
243 259
228 260
94 261
116 262
231 263
175 264
97 265
152 266
79 267
177 268
160 269
69 270
30 271
35 272
189 273
47 274
4 275
126 276
225 277
108 278
9 279
79 280
270 281
159 282
25 283
101 284
134 285
151 286
122 287
124 288
218 289
196 290
136 291
26 292
183 293
197 294
238 295
98 296
149 297
12 298
69 299
8 300
90 301
111 302
224 303
248 304
117 305
76 306
152 307
58 308
226 309
26 310
213 311
290 312
277 313
122 314
300 315
75 316
100 317
113 318
239 319
100 320
50 321
80 322
50 323
164 324
314 325
194 326
50 327
28 328
81 329
322 330
266 331
326 332
15 333
135 334
17 335
25 336
278 337
313 338
54 339
24 340
24 341
222 342
74 343
316 344
102 345
223 346
83 347
98 348
66 349
126 350
107 351
242 352
199 353
349 354
17 355
127 356
229 357
349 358
175 359
309 360
2 361
121 362
179 363
284 364
275 365
365 366
66 367
236 368
312 369
280 370
45 371
185 372
123 373
270 374
80 375
62 376
42 377
328 378
51 379
274 380
339 381
119 382
356 383
341 384
96 385
193 386
152 387
162 388
147 389
368 390
85 391
10 392
3 393
7 394
66 395
379 396
351 397
342 398
40 399
337 400
178 401
130 402
111 403
152 404
245 405
183 406
182 407
254 408
321 409
175 410
248 411
282 412
392 413
379 414
142 415
299 416
261 417
182 418
295 419
73 420
322 421
271 422
3 423
163 424
34 425
201 426
252 427
380 428
143 429
63 430
327 431
135 432
125 433
136 434
115 435
229 436
19 437
287 438
263 439
236 440
34 441
308 442
125 443
291 444
228 445
166 446
63 447
141 448
255 449
2 450
25 451
58 452
318 453
303 454
357 455
364 456
311 457
6 458
25 459
89 460
54 461
341 462
75 463
93 464
161 465
195 466
319 467
466 468
304 469
107 470
47 471
62 472
38 473
7 474
408 475
77 476
240 477
119 478
293 479
459 480
310 481
187 482
217 483
103 484
100 485
478 486
381 487
191 488
252 489
251 490
79 491
383 492
477 493
1 494
143 495
124 496
293 497
259 498
314 499
216 500
26 501
263 502
229 503
167 504
53 505
486 506
87 507
113 508
292 509
304 510
48 511
203 512
17 513
37 514
19 515
319 516
92 517
288 518
132 519
498 520
310 521
162 522
488 523
131 524
287 525
491 526
384 527
411 528
145 529
138 530
80 531
180 532
525 533
170 534
189 535
58 536
285 537
171 538
362 539
398 540
171 541
395 542
207 543
505 544
185 545
331 546
535 547
480 548
209 549
209 550
457 551
12 552
95 553
22 554
82 555
22 556
421 557
513 558
430 559
142 560
478 561
166 562
230 563
224 564
34 565
467 566
5 567
134 568
457 569
200 570
457 571
166 572
18 573
358 574
22 575
80 576
534 577
213 578
263 579
295 580
276 581
434 582
85 583
87 584
535 585
220 586
565 587
326 588
258 589
151 590
14 591
244 592
116 593
319 594
350 595
548 596
201 597
497 598
381 599
427 600
543 601
316 602
492 603
431 604
244 605
285 606
252 607
187 608
239 609
409 610
215 611
542 612
572 613
557 614
207 615
140 616
526 617
471 618
375 619
400 620
495 621
589 622
128 623
209 624
122 625
88 626
533 627
207 628
301 629
576 630
262 631
295 632
208 633
483 634
51 635
307 636
350 637
41 638
141 639
475 640
524 641
93 642
476 643
396 644
298 645
231 646
47 647
526 648
611 649
369 650
633 651
120 652
52 653
110 654
288 655
391 656
249 657
435 658
9 659
387 660
610 661
212 662
582 663
127 664
59 665
32 666
101 667
34 668
571 669
336 670
50 671
457 672
214 673
364 674
50 675
154 676
450 677
81 678
269 679
96 680
558 681
525 682
231 683
291 684
164 685
303 686
44 687
24 688
281 689
254 690
195 691
563 692
542 693
119 694
356 695
569 696
329 697
36 698
18 699
326 700
360 701
568 702
455 703
611 704
565 705
206 706
431 707
652 708
191 709
616 710
418 711
610 712
504 713
545 714
530 715
702 716
216 717
407 718
632 719
168 720
241 721
629 722
273 723
390 724
642 725
342 726
171 727
558 728
497 729
22 730
386 731
590 732
76 733
304 734
413 735
519 736
208 737
319 738
365 739
16 740
105 741
684 742
688 743
742 744
441 745
412 746
29 747
276 748
303 749
281 750
486 751
503 752
153 753
607 754
445 755
596 756
561 757
310 758
583 759
494 760
204 761
586 762
89 763
448 764
640 765
266 766
656 767
756 768
208 769
582 770
448 771
36 772
722 773
102 774
148 775
29 776
592 777
484 778
533 779
607 780
158 781
542 782
658 783
352 784
762 785
19 786
339 787
609 788
541 789
708 790
179 791
688 792
297 793
666 794
691 795
795 796
108 797
709 798
85 799
749 800
668 801
532 802
734 803
370 804
67 805
696 806
591 807
170 808
582 809
708 810
359 811
460 812
112 813
551 814
347 815
55 816
268 817
443 818
7 819
23 820
526 821
652 822
588 823
329 824
433 825
435 826
430 827
598 828
159 829
615 830
484 831
354 832
413 833
291 834
53 835
387 836
395 837
227 838
128 839
523 840
826 841
443 842
343 843
830 844
554 845
511 846
809 847
338 848
310 849
251 850
45 851
598 852
689 853
53 854
95 855
818 856
500 857
448 858
274 859
192 860
642 861
850 862
288 863
707 864
731 865
661 866
785 867
461 868
803 869
466 870
784 871
513 872
373 873
41 874
271 875
359 876
199 877
518 878
831 879
813 880
177 881
149 882
541 883
839 884
678 885
560 886
107 887
817 888
657 889
872 890
839 891
885 892
72 893
107 894
67 895
269 896
93 897
43 898
868 899
519 900
862 901
559 902
595 903
380 904
94 905
810 906
409 907
868 908
568 909
196 910
260 911
235 912
196 913
749 914
684 915
182 916
692 917
855 918
602 919
773 920
433 921
451 922
420 923
238 924
46 925
698 926
383 927
498 928
843 929
805 930
655 931
406 932
642 933
228 934
890 935
581 936
934 937
576 938
730 939
59 940
601 941
798 942
831 943
30 944
168 945
931 946
248 947
338 948
196 949
794 950
789 951
504 952
51 953
838 954
677 955
610 956
875 957
725 958
118 959
59 960
782 961
818 962
718 963
740 964
835 965
879 966
789 967
770 968
709 969
887 970
560 971
868 972
289 973
293 974
207 975
749 976
868 977
29 978
735 979
304 980
341 981
167 982
904 983
349 984
88 985
499 986
190 987
492 988
464 989
521 990
36 991
758 992
750 993
847 994
611 995
325 996
710 997
699 998
141 999
127 1000
250 668 529
680 865 422
406 827 817
517 727 667
88 682 965
341 687 22
663 722 65
310 416 903
874 125 942
746 763 424
532 807 269
319 603 908
308 482 13
137 631 115
810 85 557
291 294 997
153 55 346
709 249 492
713 132 115
440 959 723
705 996 53
270 480 239
424 919 867
660 499 487
197 463 634
159 23 147
393 38 926
648 459 603
808 99 831
293 601 279
800 353 449
883 541 316
576 763 568
337 398 419
898 829 852
817 231 450
926 659 230
521 941 561
148 163 656
676 793 362
755 399 147
715 947 189
570 639 664
76 516 522
476 616 529
235 571 906
465 558 963
162 525 550
470 331 924
351 334 926
911 738 337
338 279 394
637 715 165
592 950 136
506 338 5
338 624 665
971 609 569
282 86 153
374 653 195
877 827 397
573 250 641
175 820 944
612 942 290
420 566 806
586 217 451
616 610 65
167 894 75
510 301 696
574 590 162
173 969 359
32 269 427
511 423 775
780 911 553
183 392 496
765 875 365
903 256 461
475 973 822
123 548 578
790 606 196
595 951 344
755 482 13
673 440 429
913 763 968
409 416 909
224 760 435
205 487 320
959 946 807
167 701 368
693 788 533
557 975 448
22 284 223
332 377 584
949 724 983
19 777 221
112 183 857
491 926 325
487 678 970
644 535 678
669 69 992
197 784 829
